 pseudo wavefunction
   .138848147713E-05   .143363143073E-05   .148024954817E-05   .152838357046E-05   .157808279106E-05
   .162939810629E-05   .168238206754E-05   .173708893499E-05   .179357473326E-05   .185189730873E-05
   .191211638882E-05   .197429364312E-05   .203849274656E-05   .210477944463E-05   .217322162069E-05
   .224388936550E-05   .231685504901E-05   .239219339443E-05   .246998155480E-05   .255029919199E-05
   .263322855826E-05   .271885458052E-05   .280726494727E-05   .289855019843E-05   .299280381807E-05
   .309012233011E-05   .319060539717E-05   .329435592268E-05   .340148015621E-05   .351208780231E-05
   .362629213282E-05   .374421010294E-05   .386596247091E-05   .399167392177E-05   .412147319496E-05
   .425549321623E-05   .439387123372E-05   .453674895855E-05   .468427270993E-05   .483659356497E-05
   .499386751345E-05   .515625561753E-05   .532392417672E-05   .549704489814E-05   .567579507240E-05
   .586035775516E-05   .605092195456E-05   .624768282482E-05   .645084186605E-05   .666060713066E-05
   .687719343636E-05   .710082258618E-05   .733172359563E-05   .757013292719E-05   .781629473250E-05
   .807046110236E-05   .833289232491E-05   .860385715220E-05   .888363307535E-05   .917250660878E-05
   .947077358361E-05   .977873945059E-05   .100967195929E-04   .104250396492E-04   .107640358469E-04
   .111140553467E-04   .114754565982E-04   .118486097064E-04   .122338968115E-04   .126317124796E-04
   .130424641070E-04   .134665723375E-04   .139044714931E-04   .143566100184E-04   .148234509404E-04
   .153054723424E-04   .158031678534E-04   .163170471539E-04   .168476364977E-04   .173954792507E-04
   .179611364475E-04   .185451873656E-04   .191482301190E-04   .197708822706E-04   .204137814640E-04
   .210775860774E-04   .217629758970E-04   .224706528134E-04   .232013415404E-04   .239557903567E-04
   .247347718727E-04   .255390838211E-04   .263695498740E-04   .272270204861E-04   .281123737658E-04
   .290265163739E-04   .299703844525E-04   .309449445827E-04   .319511947751E-04   .329901654910E-04
   .340629206980E-04   .351705589586E-04   .363142145555E-04   .374950586529E-04   .387143004951E-04
   .399731886447E-04   .412730122609E-04   .426151024191E-04   .440008334734E-04   .454316244639E-04
   .469089405685E-04   .484342946036E-04   .500092485720E-04   .516354152616E-04   .533144598965E-04
   .550481018409E-04   .568381163590E-04   .586863364318E-04   .605946546324E-04   .625650250632E-04
   .645994653551E-04   .667000587319E-04   .688689561416E-04   .711083784571E-04   .734206187480E-04
   .758080446262E-04   .782731006675E-04   .808183109118E-04   .834462814443E-04   .861597030606E-04
   .889613540173E-04   .918541028731E-04   .948409114207E-04   .979248377142E-04   .101109039194E-03
   .104396775914E-03   .107791413872E-03   .111296428448E-03   .114915407952E-03   .118652057294E-03
   .122510201760E-03   .126493790920E-03   .130606902659E-03   .134853747338E-03   .139238672088E-03
   .143766165242E-03   .148440860915E-03   .153267543723E-03   .158251153660E-03   .163396791131E-03
   .168709722144E-03   .174195383669E-03   .179859389171E-03   .185707534319E-03   .191745802874E-03
   .197980372773E-03   .204417622402E-03   .211064137063E-03   .217926715664E-03   .225012377598E-03
   .232328369866E-03   .239882174401E-03   .247681515644E-03   .255734368344E-03   .264048965612E-03
   .272633807228E-03   .281497668203E-03   .290649607612E-03   .300098977705E-03   .309855433294E-03
   .319928941443E-03   .330329791440E-03   .341068605095E-03   .352156347338E-03   .363604337150E-03
   .375424258823E-03   .387628173562E-03   .400228531432E-03   .413238183671E-03   .426670395356E-03
   .440538858462E-03   .454857705282E-03   .469641522262E-03   .484905364210E-03   .500664768938E-03
   .516935772296E-03   .533734923645E-03   .551079301749E-03   .568986531105E-03   .587474798722E-03
   .606562871331E-03   .626270113061E-03   .646616503561E-03   .667622656585E-03   .689309839028E-03
   .711699990427E-03   .734815742920E-03   .758680441650E-03   .783318165627E-03   .808753749025E-03
   .835012802915E-03   .862121737409E-03   .890107784211E-03   .918999019551E-03   .948824387471E-03
   .979613723446E-03   .101139777830E-02   .104420824237E-02   .107807776989E-02   .111304000356E-02
   .114912959911E-02   .118638225005E-02   .122483471218E-02   .126452482815E-02   .130549155155E-02
   .134777497086E-02   .139141633267E-02   .143645806444E-02   .148294379626E-02   .153091838171E-02
   .158042791736E-02   .163151976091E-02   .168424254740E-02   .173864620342E-02   .179478195889E-02
   .185270235589E-02   .191246125433E-02   .197411383369E-02   .203771659049E-02   .210332733071E-02
   .217100515649E-02   .224081044631E-02   .231280482772E-02   .238705114166E-02   .246361339709E-02
   .254255671485E-02   .262394725904E-02   .270785215452E-02   .279433938855E-02   .288347769449E-02
   .297533641527E-02   .306998534399E-02   .316749453861E-02   .326793410732E-02   .337137396094E-02
   .347788352781E-02   .358753142647E-02   .370038509052E-02   .381651033932E-02   .393597088755E-02
   .405882778553E-02   .418513878099E-02   .431495759219E-02   .444833308019E-02   .458530830718E-02
   .472591946529E-02   .487019465868E-02   .501815251889E-02   .516980063105E-02   .532513374505E-02
   .548413174236E-02   .564675732521E-02   .581295338964E-02   .598264003926E-02   .615571118988E-02
   .633203070846E-02   .651142802188E-02   .669369312193E-02   .687857088273E-02   .706575459498E-02
   .725487860842E-02   .744550995872E-02   .763713883827E-02   .782916775105E-02   .802089917058E-02
   .821152149574E-02   .840009307223E-02   .858552401783E-02   .876655555604E-02   .894173652625E-02
   .910939669822E-02   .926761647490E-02   .941419252015E-02   .954659879722E-02   .966194244997E-02
   .975691390319E-02   .982773050077E-02   .987007294359E-02   .987901373415E-02   .984893678510E-02
   .977344730712E-02   .964527106365E-02   .945614207061E-02   .919667783672E-02   .885624129362E-02
   .842278866608E-02   .788270269565E-02   .722061087326E-02   .641918867735E-02   .545894827979E-02
   .431801379800E-02   .297188497289E-02   .139319217287E-02  -.448553094467E-03  -.258720639694E-02
  -.506022962024E-02  -.790891121518E-02  -.111785546697E-01  -.149186192039E-01  -.191827929812E-01
  -.240289749478E-01  -.295191367867E-01  -.357190314954E-01  -.426977099021E-01  -.505268012579E-01
  -.592795092078E-01  -.690292703957E-01  -.798480203107E-01  -.918040104754E-01  -.104959123678E+00
  -.119365640755E+00  -.135052537078E+00  -.152079847668E+00
