 local part
 98.2657514061040160
   .84157696E+01   .84210616E+01   .84276868E+01   .84387430E+01   .84542501E+01
   .84742336E+01   .84987229E+01   .85277486E+01   .85613410E+01   .85995276E+01
   .86423322E+01   .86897735E+01   .87418643E+01   .87986117E+01   .88600162E+01
   .89260725E+01   .89967686E+01   .90720854E+01   .91519966E+01   .92364669E+01
   .93254512E+01   .94188926E+01   .95167214E+01   .96188530E+01   .97251866E+01
   .98356042E+01   .99499691E+01   .10068126E+02   .10189900E+02   .10315095E+02
   .10443498E+02   .10574872E+02   .10708964E+02   .10845497E+02   .10984178E+02
   .11124691E+02   .11266702E+02   .11409858E+02   .11553785E+02   .11698096E+02
   .11842382E+02   .11986223E+02   .12129182E+02   .12270810E+02   .12410650E+02
   .12548232E+02   .12683081E+02   .12814718E+02   .12942658E+02   .13066416E+02
   .13185509E+02   .13299456E+02   .13407780E+02   .13510014E+02   .13605699E+02
   .13694388E+02   .13775652E+02   .13849074E+02   .13914259E+02   .13970835E+02
   .14018449E+02   .14056778E+02   .14085523E+02   .14104415E+02   .14113216E+02
   .14111719E+02   .14099752E+02   .14077176E+02   .14043889E+02   .13999825E+02
   .13944955E+02   .13879288E+02   .13802872E+02   .13715793E+02   .13618173E+02
   .13510175E+02   .13391996E+02   .13263872E+02   .13126073E+02   .12978903E+02
   .12822702E+02   .12657838E+02   .12484712E+02   .12303753E+02   .12115415E+02
   .11920177E+02   .11718543E+02   .11511033E+02   .11298186E+02   .11080557E+02
   .10858712E+02   .10633228E+02   .10404688E+02   .10173679E+02   .99407918E+01
   .97066146E+01   .94717325E+01   .92367246E+01   .90021609E+01   .87686001E+01
   .85365874E+01   .83066514E+01   .80793026E+01   .78550308E+01   .76343035E+01
   .74175636E+01   .72052280E+01   .69976861E+01   .67952984E+01   .65983952E+01
   .64072758E+01   .62222076E+01   .60434252E+01   .58711303E+01   .57054911E+01
   .55466426E+01   .53946862E+01   .52496902E+01   .51116906E+01   .49806911E+01
   .48566645E+01   .47395534E+01   .46292712E+01   .45257038E+01   .44287105E+01
   .43381258E+01   .42537607E+01   .41754049E+01   .41028282E+01   .40357822E+01
   .39740031E+01   .39172124E+01   .38651203E+01   .38174267E+01   .37738238E+01
   .37339979E+01   .36976315E+01   .36644056E+01   .36340010E+01   .36061008E+01
   .35803917E+01   .35565663E+01   .35343243E+01   .35133745E+01   .34934357E+01
   .34742388E+01   .34555274E+01   .34370596E+01   .34186083E+01   .33999627E+01
   .33809285E+01   .33613290E+01   .33410052E+01   .33198164E+01   .32976401E+01
   .32743723E+01   .32499276E+01   .32242387E+01   .31972561E+01   .31689481E+01
   .31393000E+01   .31083133E+01   .30760055E+01   .30424087E+01   .30075693E+01
   .29715463E+01   .29344112E+01   .28962459E+01   .28571426E+01   .28172018E+01
   .27765317E+01   .27352466E+01   .26934662E+01   .26513138E+01   .26089155E+01
   .25663991E+01   .25238927E+01   .24815236E+01   .24394173E+01   .23976966E+01
   .23564804E+01   .23158831E+01   .22760134E+01   .22369739E+01   .21988600E+01
   .21617599E+01   .21257533E+01   .20909116E+01   .20572974E+01   .20249638E+01
   .19939548E+01   .19643045E+01   .19360379E+01   .19091701E+01   .18837069E+01
   .18596450E+01   .18369720E+01   .18156670E+01   .17957010E+01   .17770368E+01
   .17596305E+01   .17434311E+01   .17283816E+01   .17144193E+01   .17014768E+01
   .16894823E+01   .16783607E+01   .16680338E+01   .16584212E+01   .16494415E+01
   .16410120E+01   .16330504E+01   .16254746E+01   .16182040E+01   .16111597E+01
   .16042653E+01   .15974473E+01   .15906355E+01   .15837638E+01   .15767703E+01
   .15695978E+01   .15621941E+01   .15545123E+01   .15465111E+01   .15381544E+01
   .15294125E+01   .15202610E+01   .15106817E+01   .15006619E+01   .14901947E+01
   .14792788E+01   .14679182E+01   .14561221E+01   .14439046E+01   .14312844E+01
   .14182846E+01   .14049321E+01   .13912574E+01   .13772942E+01   .13630791E+01
   .13486509E+01   .13340503E+01   .13193195E+01   .13045019E+01   .12896412E+01
   .12747815E+01   .12599666E+01   .12452397E+01   .12306428E+01   .12162167E+01
   .12020006E+01   .11880314E+01   .11743437E+01   .11609697E+01   .11479386E+01
   .11352766E+01   .11230067E+01   .11111486E+01   .10997186E+01   .10887293E+01
   .10781902E+01   .10681067E+01   .10584813E+01   .10493127E+01   .10405964E+01
   .10323246E+01   .10244865E+01   .10170685E+01   .10100542E+01   .10034245E+01
   .99715846E+00   .99123280E+00   .98562260E+00   .98030145E+00   .97524173E+00
   .97041488E+00   .96579171E+00   .96134265E+00   .95703806E+00   .95284844E+00
   .94874473E+00   .94469858E+00   .94068254E+00   .93667031E+00   .93263696E+00
   .92855909E+00   .92441506E+00   .92018509E+00   .91585142E+00   .91139842E+00
   .90681263E+00   .90208291E+00   .89720039E+00   .89215854E+00   .88695315E+00
   .88158229E+00   .87604630E+00   .87034770E+00   .86449110E+00   .85848313E+00
   .85233229E+00   .84604884E+00   .83964465E+00   .83313300E+00   .82652847E+00
   .81984671E+00   .81310428E+00   .80631845E+00   .79950703E+00   .79268813E+00
   .78588003E+00   .77910097E+00   .77236895E+00   .76570159E+00   .75911593E+00
   .75262828E+00   .74625407E+00   .74000773E+00   .73390251E+00   .72795041E+00
   .72216209E+00   .71654675E+00   .71111209E+00   .70586428E+00   .70080787E+00
   .69594584E+00   .69127954E+00   .68680877E+00   .68253173E+00   .67844513E+00
   .67454418E+00   .67082274E+00   .66727331E+00   .66388721E+00   .66065462E+00
   .65756473E+00   .65460586E+00   .65176555E+00   .64903076E+00   .64638795E+00
   .64382325E+00   .64132257E+00   .63887178E+00   .63645678E+00   .63406371E+00
   .63167900E+00   .62928956E+00   .62688288E+00   .62444710E+00   .62197118E+00
   .61944494E+00   .61685919E+00   .61420575E+00   .61147755E+00   .60866866E+00
   .60577434E+00   .60279104E+00   .59971643E+00   .59654939E+00   .59329003E+00
   .58993961E+00   .58650056E+00   .58297643E+00   .57937181E+00   .57569230E+00
   .57194440E+00   .56813547E+00   .56427363E+00   .56036764E+00   .55642683E+00
   .55246099E+00   .54848026E+00   .54449503E+00   .54051583E+00   .53655322E+00
   .53261771E+00   .52871961E+00   .52486898E+00   .52107551E+00   .51734843E+00
   .51369641E+00   .51012750E+00   .50664907E+00   .50326768E+00   .49998911E+00
   .49681824E+00   .49375908E+00   .49081468E+00   .48798715E+00   .48527763E+00
   .48268632E+00   .48021244E+00   .47785431E+00   .47560930E+00   .47347392E+00
   .47144387E+00   .46951402E+00   .46767855E+00   .46593095E+00   .46426412E+00
   .46267047E+00   .46114194E+00   .45967012E+00   .45824632E+00   .45686169E+00
   .45550723E+00   .45417395E+00   .45285292E+00   .45153535E+00   .45021267E+00
   .44887661E+00   .44751931E+00   .44613331E+00   .44471171E+00   .44324816E+00
   .44173692E+00   .44017295E+00   .43855190E+00   .43687017E+00   .43512491E+00
   .43331405E+00   .43143631E+00   .42949120E+00   .42747899E+00   .42540073E+00
   .42325823E+00   .42105400E+00   .41879126E+00   .41647384E+00   .41410622E+00
   .41169341E+00   .40924089E+00   .40675462E+00   .40424088E+00   .40170629E+00
   .39915769E+00   .39660209E+00   .39404660E+00   .39149835E+00   .38896445E+00
   .38645189E+00   .38396749E+00   .38151784E+00   .37910923E+00   .37674758E+00
   .37443844E+00   .37218685E+00   .36999739E+00   .36787409E+00   .36582039E+00
   .36383915E+00   .36193261E+00   .36010239E+00   .35834945E+00   .35667414E+00
   .35507613E+00   .35355450E+00   .35210772E+00   .35073362E+00   .34942953E+00
   .34819219E+00   .34701788E+00   .34590241E+00   .34484117E+00   .34382921E+00
   .34286125E+00   .34193178E+00   .34103506E+00   .34016522E+00   .33931629E+00
   .33848229E+00   .33765725E+00   .33683525E+00   .33601054E+00   .33517754E+00
   .33433091E+00   .33346559E+00   .33257683E+00   .33166028E+00   .33071198E+00
   .32972841E+00   .32870651E+00   .32764370E+00   .32653791E+00   .32538758E+00
   .32419168E+00   .32294968E+00   .32166161E+00   .32032797E+00   .31894980E+00
   .31752862E+00   .31606640E+00   .31456556E+00   .31302895E+00   .31145977E+00
   .30986158E+00   .30823823E+00   .30659385E+00   .30493275E+00   .30325946E+00
   .30157859E+00   .29989486E+00   .29821301E+00   .29653778E+00   .29487386E+00
   .29322581E+00   .29159807E+00   .28999490E+00   .28842031E+00   .28687807E+00
   .28537164E+00   .28390415E+00   .28247839E+00   .28109677E+00   .27976132E+00
   .27847363E+00   .27723491E+00   .27604592E+00   .27490700E+00   .27381809E+00
   .27277867E+00   .27178784E+00   .27084428E+00   .26994630E+00   .26909186E+00
   .26827855E+00   .26750369E+00   .26676430E+00   .26605715E+00   .26537882E+00
   .26472568E+00   .26409398E+00   .26347988E+00   .26287945E+00   .26228874E+00
   .26170381E+00   .26112076E+00   .26053579E+00   .25994520E+00   .25934545E+00
   .25873320E+00   .25810531E+00   .25745888E+00   .25679129E+00   .25610022E+00
   .25538363E+00   .25463983E+00   .25386744E+00   .25306545E+00   .25223318E+00
   .25137030E+00   .25047684E+00   .24955316E+00   .24859996E+00   .24761829E+00
   .24660949E+00   .24557519E+00   .24451731E+00   .24343801E+00   .24233971E+00
   .24122498E+00   .24009659E+00   .23895746E+00   .23781060E+00   .23665912E+00
   .23550617E+00   .23435492E+00   .23320855E+00   .23207016E+00   .23094281E+00
   .22982945E+00   .22873289E+00   .22765579E+00   .22660063E+00   .22556967E+00
   .22456498E+00   .22358834E+00   .22264131E+00   .22172517E+00   .22084092E+00
   .21998928E+00   .21917068E+00   .21838526E+00   .21763287E+00   .21691308E+00
   .21622517E+00   .21556818E+00   .21494086E+00   .21434175E+00   .21376913E+00
   .21322111E+00   .21269560E+00   .21219035E+00   .21170297E+00   .21123098E+00
   .21077179E+00   .21032276E+00   .20988120E+00   .20944443E+00   .20900979E+00
   .20857462E+00   .20813639E+00   .20769262E+00   .20724095E+00   .20677916E+00
   .20630522E+00   .20581722E+00   .20531350E+00   .20479256E+00   .20425315E+00
   .20369424E+00   .20311502E+00   .20251496E+00   .20189372E+00   .20125124E+00
   .20058769E+00   .19990349E+00   .19919926E+00   .19847589E+00   .19773443E+00
   .19697618E+00   .19620258E+00   .19541527E+00   .19461602E+00   .19380673E+00
   .19298941E+00   .19216618E+00   .19133918E+00   .19051063E+00   .18968276E+00
   .18885780E+00   .18803797E+00   .18722542E+00   .18642227E+00   .18563052E+00
   .18485209E+00   .18408877E+00   .18334220E+00   .18261388E+00   .18190512E+00
   .18121707E+00   .18055068E+00   .17990670E+00   .17928569E+00   .17868800E+00
   .17811376E+00   .17756291E+00   .17703518E+00   .17653009E+00   .17604697E+00
   .17558497E+00   .17514306E+00   .17472002E+00   .17431452E+00   .17392507E+00
   .17355005E+00   .17318776E+00   .17283640E+00   .17249410E+00   .17215895E+00
   .17182901E+00   .17150232E+00   .17117693E+00   .17085094E+00   .17052245E+00
   .17018966E+00   .16985084E+00   .16950435E+00   .16914867E+00   .16878242E+00
   .16840433E+00   .16801331E+00   .16760841E+00   .16718886E+00   .16675406E+00
   .16630358E+00   .16583717E+00   .16535477E+00   .16485650E+00   .16434264E+00
   .16381366E+00   .16327018E+00   .16271301E+00   .16214308E+00   .16156147E+00
   .16096939E+00   .16036817E+00   .15975923E+00   .15914407E+00   .15852427E+00
   .15790145E+00   .15727728E+00   .15665345E+00   .15603163E+00   .15541350E+00
   .15480071E+00   .15419486E+00   .15359747E+00   .15301002E+00   .15243388E+00
   .15187030E+00   .15132044E+00   .15078533E+00   .15026585E+00   .14976275E+00
   .14927662E+00   .14880791E+00   .14835691E+00   .14792374E+00   .14750838E+00
   .14711065E+00   .14673019E+00   .14636653E+00   .14601903E+00   .14568691E+00
   .14536927E+00   .14506509E+00   .14477325E+00   .14449251E+00   .14422157E+00
   .14395905E+00   .14370352E+00   .14345350E+00   .14320750E+00   .14296399E+00
   .14272149E+00   .14247848E+00   .14223350E+00   .14198515E+00   .14173206E+00
   .14147294E+00   .14120659E+00   .14093190E+00   .14064788E+00   .14035363E+00
   .14004840E+00   .13973155E+00   .13940258E+00   .13906112E+00   .13870694E+00
   .13833997E+00   .13796025E+00   .13756799E+00   .13716350E+00   .13674725E+00
   .13631982E+00   .13588193E+00   .13543440E+00   .13497814E+00   .13451417E+00
   .13404360E+00   .13356759E+00   .13308736E+00   .13260419E+00   .13211937E+00
   .13163425E+00   .13115013E+00   .13066836E+00   .13019023E+00   .12971703E+00
   .12924998E+00   .12879027E+00   .12833900E+00   .12789721E+00   .12746584E+00
   .12704575E+00   .12663767E+00   .12624224E+00   .12585999E+00   .12549130E+00
   .12513646E+00   .12479563E+00   .12446883E+00   .12415596E+00   .12385682E+00
   .12357106E+00   .12329824E+00   .12303778E+00   .12278902E+00   .12255119E+00
   .12232344E+00   .12210482E+00   .12189434E+00   .12169092E+00   .12149346E+00
   .12130080E+00   .12111176E+00   .12092515E+00   .12073978E+00   .12055446E+00
   .12036801E+00   .12017930E+00   .11998723E+00   .11979076E+00   .11958890E+00
   .11938073E+00   .11916544E+00   .11894226E+00   .11871055E+00   .11846975E+00
   .11821943E+00   .11795923E+00   .11768892E+00   .11740838E+00   .11711760E+00
   .11681667E+00   .11650581E+00   .11618532E+00   .11585561E+00   .11551720E+00
   .11517070E+00   .11481679E+00   .11445623E+00   .11408986E+00   .11371858E+00
   .11334333E+00   .11296511E+00   .11258491E+00   .11220379E+00   .11182279E+00
   .11144296E+00   .11106534E+00   .11069096E+00   .11032079E+00   .10995580E+00
   .10959689E+00   .10924491E+00   .10890064E+00   .10856478E+00   .10823798E+00
   .10792077E+00   .10761362E+00   .10731688E+00   .10703084E+00   .10675565E+00
   .10649140E+00   .10623807E+00   .10599552E+00   .10576356E+00   .10554186E+00
   .10533004E+00   .10512760E+00   .10493399E+00   .10474857E+00   .10457063E+00
   .10439942E+00   .10423412E+00   .10407387E+00   .10391779E+00   .10376497E+00
   .10361446E+00   .10346535E+00   .10331669E+00   .10316756E+00   .10301705E+00
   .10286430E+00   .10270846E+00   .10254874E+00   .10238439E+00   .10221475E+00
   .10203918E+00   .10185715E+00   .10166820E+00   .10147193E+00   .10126804E+00
   .10105631E+00   .10083661E+00   .10060889E+00   .10037320E+00   .10012965E+00
   .99878467E-01   .99619932E-01   .99354416E-01   .99082363E-01   .98804288E-01
   .98520765E-01   .98232428E-01   .97939960E-01   .97644087E-01   .97345569E-01
   .97045195E-01   .96743772E-01   .96442116E-01   .96141050E-01   .95841391E-01
   .95543942E-01   .95249488E-01   .94958785E-01   .94672554E-01   .94391474E-01
   .94116174E-01   .93847229E-01   .93585152E-01   .93330392E-01   .93083329E-01
   .92844268E-01   .92613442E-01   .92391008E-01   .92177045E-01   .91971556E-01
   .91774467E-01   .91585628E-01   .91404815E-01   .91231735E-01   .91066024E-01
   .90907255E-01   .90754941E-01   .90608543E-01   .90467470E-01   .90331093E-01
   .90198744E-01   .90069732E-01   .89943339E-01   .89818838E-01   .89695492E-01
   .89572566E-01   .89449332E-01   .89325075E-01   .89199102E-01   .89070749E-01
   .88939383E-01   .88804416E-01   .88665301E-01   .88521548E-01   .88372720E-01
   .88218440E-01   .88058396E-01   .87892342E-01   .87720097E-01   .87541550E-01
   .87356660E-01   .87165453E-01   .86968025E-01   .86764537E-01   .86555218E-01
   .86340357E-01   .86120303E-01   .85895462E-01   .85666290E-01   .85433289E-01
   .85197004E-01   .84958012E-01   .84716921E-01   .84474359E-01   .84230970E-01
   .83987410E-01   .83744335E-01   .83502399E-01   .83262247E-01   .83024506E-01
   .82789784E-01   .82558658E-01   .82331673E-01   .82109336E-01   .81892108E-01
   .81680401E-01   .81474576E-01   .81274938E-01   .81081732E-01   .80895145E-01
   .80715299E-01   .80542258E-01   .80376020E-01   .80216523E-01   .80063643E-01
   .79917196E-01   .79776941E-01   .79642582E-01   .79513768E-01   .79390103E-01
   .79271145E-01   .79156412E-01   .79045389E-01   .78937532E-01   .78832272E-01
   .78729025E-01   .78627196E-01   .78526182E-01   .78425382E-01   .78324201E-01
   .78222055E-01   .78118379E-01   .78012628E-01   .77904287E-01   .77792874E-01
   .77677943E-01   .77559095E-01   .77435971E-01   .77308267E-01   .77175728E-01
   .77038154E-01   .76895403E-01   .76747386E-01   .76594073E-01   .76435492E-01
   .76271726E-01   .76102913E-01   .75929245E-01   .75750968E-01   .75568374E-01
 gradient corrections used for XC
 5
