 ae wavefunction
  -.536934453859E-05  -.554283679026E-05  -.572192904881E-05  -.590680169358E-05  -.609764089026E-05
  -.629463877488E-05  -.649799364359E-05  -.670791014832E-05  -.692459949849E-05  -.714827966909E-05
  -.737917561507E-05  -.761751949247E-05  -.786355088640E-05  -.811751704595E-05  -.837967312645E-05
  -.865028243916E-05  -.892961670862E-05  -.921795633789E-05  -.951559068196E-05  -.982281832946E-05
  -.101399473930E-04  -.104672958085E-04  -.108051916432E-04  -.111539734135E-04  -.115139904123E-04
  -.118856030458E-04  -.122691831813E-04  -.126651145043E-04  -.130737928877E-04  -.134956267708E-04
  -.139310375502E-04  -.143804599824E-04  -.148443425977E-04  -.153231481275E-04  -.158173539430E-04
  -.163274525071E-04  -.168539518402E-04  -.173973759985E-04  -.179582655672E-04  -.185371781670E-04
  -.191346889761E-04  -.197513912662E-04  -.203878969549E-04  -.210448371726E-04  -.217228628465E-04
  -.224226453000E-04  -.231448768698E-04  -.238902715395E-04  -.246595655907E-04  -.254535182727E-04
  -.262729124892E-04  -.271185555052E-04  -.279912796712E-04  -.288919431682E-04  -.298214307715E-04
  -.307806546346E-04  -.317705550946E-04  -.327921014965E-04  -.338462930403E-04  -.349341596486E-04
  -.360567628560E-04  -.372151967208E-04  -.384105887585E-04  -.396441008986E-04  -.409169304631E-04
  -.422303111689E-04  -.435855141531E-04  -.449838490212E-04  -.464266649193E-04  -.479153516296E-04
  -.494513406894E-04  -.510361065335E-04  -.526711676611E-04  -.543580878243E-04  -.560984772421E-04
  -.578939938353E-04  -.597463444862E-04  -.616572863188E-04  -.636286280026E-04  -.656622310770E-04
  -.677600112965E-04  -.699239399964E-04  -.721560454777E-04  -.744584144105E-04  -.768331932539E-04
  -.792825896932E-04  -.818088740907E-04  -.844143809508E-04  -.871015103953E-04  -.898727296496E-04
  -.927305745357E-04  -.956776509712E-04  -.987166364702E-04  -.101850281645E-03  -.105081411705E-03
  -.108412927949E-03  -.111847809248E-03  -.115389113513E-03  -.119039979150E-03  -.122803626483E-03
  -.126683359162E-03  -.130682565527E-03  -.134804719940E-03  -.139053384073E-03  -.143432208139E-03
  -.147944932068E-03  -.152595386619E-03  -.157387494410E-03  -.162325270874E-03  -.167412825110E-03
  -.172654360643E-03  -.178054176055E-03  -.183616665503E-03  -.189346319090E-03  -.195247723081E-03
  -.201325559962E-03  -.207584608305E-03  -.214029742439E-03  -.220665931907E-03  -.227498240686E-03
  -.234531826147E-03  -.241771937751E-03  -.249223915435E-03  -.256893187684E-03  -.264785269257E-03
  -.272905758533E-03  -.281260334465E-03  -.289854753099E-03  -.298694843630E-03  -.307786503967E-03
  -.317135695765E-03  -.326748438899E-03  -.336630805319E-03  -.346788912276E-03  -.357228914847E-03
  -.367956997739E-03  -.378979366308E-03  -.390302236747E-03  -.401931825406E-03  -.413874337166E-03
  -.426135952835E-03  -.438722815493E-03  -.451641015734E-03  -.464896575730E-03  -.478495432072E-03
  -.492443417301E-03  -.506746240072E-03  -.521409463873E-03  -.536438484230E-03  -.551838504315E-03
  -.567614508895E-03  -.583771236517E-03  -.600313149877E-03  -.617244404277E-03  -.634568814079E-03
  -.652289817096E-03  -.670410436812E-03  -.688933242371E-03  -.707860306229E-03  -.727193159410E-03
  -.746932744273E-03  -.767079364717E-03  -.787632633752E-03  -.808591418363E-03  -.829953781613E-03
  -.851716921913E-03  -.873877109413E-03  -.896429619485E-03  -.919368663237E-03  -.942687315069E-03
  -.966377437233E-03  -.990429601424E-03  -.101483300741E-02  -.103957539876E-02  -.106464297566E-02
  -.109002030507E-02  -.111569022805E-02  -.114163376471E-02  -.116783001666E-02  -.119425606737E-02
  -.122088688052E-02  -.124769519669E-02  -.127465142868E-02  -.130172355576E-02  -.132887701736E-02
  -.135607460649E-02  -.138327636352E-02  -.141043947082E-02  -.143751814883E-02  -.146446355430E-02
  -.149122368142E-02  -.151774326652E-02  -.154396369741E-02  -.156982292811E-02  -.159525539999E-02
  -.162019197054E-02  -.164455985064E-02  -.166828255181E-02  -.169127984444E-02  -.171346772851E-02
  -.173475841814E-02  -.175506034127E-02  -.177427815611E-02  -.179231278583E-02  -.180906147281E-02
  -.182441785436E-02  -.183827206105E-02  -.185051083943E-02  -.186101770044E-02  -.186967309504E-02
  -.187635461816E-02  -.188093724242E-02  -.188329358242E-02  -.188329419051E-02  -.188080788474E-02
  -.187570210923E-02  -.186784332698E-02  -.185709744495E-02  -.184333027040E-02  -.182640799755E-02
  -.180619772262E-02  -.178256798498E-02  -.175538933148E-02  -.172453490022E-02  -.168988101939E-02
  -.165130781581E-02  -.160869982728E-02  -.156194661142E-02  -.151094334343E-02  -.145559139361E-02
  -.139579887503E-02  -.133148115055E-02  -.126256128768E-02  -.118897044893E-02  -.111064820449E-02
  -.102754275349E-02  -.939611039582E-03  -.846818745856E-03  -.749140153709E-03  -.646557849671E-03
  -.539062263517E-03  -.426651020394E-03  -.309328089220E-03  -.187102709897E-03  -.599880838515E-04
   .720001825600E-04   .208845882540E-03   .350534246572E-03   .497054178393E-03   .648400632914E-03
   .804577064382E-03   .965597871782E-03   .113149078626E-02   .130229918063E-02   .147808432308E-02
   .165892762793E-02   .184493295336E-02   .203622894624E-02   .223297134696E-02   .243534507736E-02
   .264356588222E-02   .285788129106E-02   .307857069465E-02   .330594435780E-02   .354034119917E-02
   .378212515797E-02   .403167994363E-02   .428940193867E-02   .455569100166E-02   .483093890027E-02
   .511551509457E-02   .540974958539E-02   .571391254373E-02   .602819044082E-02   .635265840777E-02
   .668724856637E-02   .703171409088E-02   .738558878481E-02   .774814198662E-02   .811832865644E-02
   .849473454000E-02   .887551635833E-02   .925833702998E-02   .964029599629E-02   .100178547868E-01
   .103867580288E-01   .107419501671E-01   .110774882165E-01   .113864509092E-01   .116608446298E-01
   .118915065430E-01   .120680053329E-01   .121785399967E-01   .122098372057E-01   .121470479066E-01
   .119736441032E-01   .116713171792E-01   .112198796429E-01   .105971727185E-01   .977898257453E-02
   .873896786599E-02   .744860013681E-02   .587711563848E-02   .399147119709E-02   .175628797936E-02
  -.866239019038E-03  -.391647408054E-02  -.743746940754E-02  -.114749637066E-01  -.160771276901E-01
  -.212941062664E-01  -.271776042085E-01  -.337807161610E-01  -.411579574899E-01  -.493653243621E-01
  -.584602786172E-01  -.685016626504E-01  -.795495976261E-01  -.916654172796E-01  -.104911674326E+00
  -.119352243438E+00  -.135052537078E+00  -.152079847668E+00
