 aepotential
   .249296618412E+05   .247076583257E+05   .244443255599E+05   .241414371172E+05   .238011681064E+05
   .234259054160E+05   .230182276498E+05   .225808680933E+05   .221166790321E+05   .216285959644E+05
   .211196020425E+05   .205926935296E+05   .200508469868E+05   .194969885786E+05   .189339660140E+05
   .183645234482E+05   .177912796436E+05   .172167095020E+05   .166431291099E+05   .160726841798E+05
   .155073419145E+05   .149488860093E+05   .143989147023E+05   .138588415092E+05   .133298984061E+05
   .128131411287E+05   .123094562646E+05   .118195698156E+05   .113440569063E+05   .108833523432E+05
   .104377617399E+05   .100074729506E+05   .959256758265E+04   .919303239296E+04   .880877039590E+04
   .843961154725E+04   .808532289425E+04   .774561810756E+04   .742016634235E+04   .710860038888E+04
   .681052409519E+04   .652551907131E+04   .625315067621E+04   .599297332353E+04   .574453513086E+04
   .550738195528E+04   .528106086162E+04   .506512306412E+04   .485912638819E+04   .466263730249E+04
   .447523256840E+04   .429650053920E+04   .412604216570E+04   .396347173509E+04   .380841738005E+04
   .366052140119E+04   .351944041296E+04   .338484535875E+04   .325642140535E+04   .313386774487E+04
   .301689731751E+04   .290523647712E+04   .279862460324E+04   .269681368551E+04   .259956787532E+04
   .250666302499E+04   .241788621528E+04   .233303528113E+04   .225191833487E+04   .217435329790E+04
   .210016743837E+04   .202919692087E+04   .196128636819E+04   .189628843674E+04   .183406340726E+04
   .177447879164E+04   .171740895648E+04   .166273476188E+04   .161034321676E+04   .156012715054E+04
   .151198490272E+04   .146582002337E+04   .142154099431E+04   .137906095998E+04   .133829747604E+04
   .129917226882E+04   .126161100972E+04   .122554310047E+04   .119090147066E+04   .115762238690E+04
   .112564527212E+04   .109491253468E+04   .106536940758E+04   .103696379654E+04   .100964613669E+04
   .983369256582E+03   .958088251357E+03   .933760361363E+03   .910344858922E+03   .887802940737E+03
   .866097626532E+03   .845193663442E+03   .825057435693E+03   .805656879371E+03   .786961401872E+03
   .768941805860E+03   .751570217559E+03   .734820018832E+03   .718665782978E+03   .703083214326E+03
   .688049090980E+03   .673541210507E+03   .659538338921E+03   .646020162215E+03   .632967240499E+03
   .620360964749E+03   .608183515718E+03   .596417825223E+03   .585047539244E+03   .574056983177E+03
   .563431128839E+03   .553155563184E+03   .543216458754E+03   .533600545498E+03   .524295084194E+03
   .515287841173E+03   .506567064354E+03   .498121460542E+03   .489940173731E+03   .482012764716E+03
   .474329191586E+03   .466879791201E+03   .459655261667E+03   .452646645612E+03   .445845314309E+03
   .439242952579E+03   .432831544450E+03   .426603359477E+03   .420550939758E+03   .414667087568E+03
   .408944853585E+03   .403377525679E+03   .397958618253E+03   .392681862072E+03   .387541194587E+03
   .382530750726E+03   .377644854114E+03   .372878008707E+03   .368224890830E+03   .363680341587E+03
   .359239359657E+03   .354897094389E+03   .350648839276E+03   .346490025719E+03   .342416217091E+03
   .338423103118E+03   .334506494502E+03   .330662317854E+03   .326886610852E+03   .323175517677E+03
   .319525284662E+03   .315932256206E+03   .312392870893E+03   .308903657842E+03   .305461233272E+03
   .302062297267E+03   .298703630762E+03   .295382092719E+03   .292094617500E+03   .288838212437E+03
   .285609955593E+03   .282406993707E+03   .279226540330E+03   .276065874141E+03   .272922337452E+03
   .269793334886E+03   .266676332242E+03   .263568855544E+03   .260468490264E+03   .257372880728E+03
   .254279729706E+03   .251186798183E+03   .248091905310E+03   .244992928548E+03   .241887803987E+03
   .238774526866E+03   .235651152274E+03   .232515796051E+03   .229366635883E+03   .226201912602E+03
   .223019931688E+03   .219819064985E+03   .216597752635E+03   .213354505238E+03   .210087906247E+03
   .206796614606E+03   .203479367655E+03   .200134984304E+03   .196762368500E+03   .193360513013E+03
   .189928503567E+03   .186465523338E+03   .182970857876E+03   .179443900479E+03   .175884158076E+03
   .172291257693E+03   .168664953559E+03   .165005134953E+03   .161311834879E+03   .157585239680E+03
   .153825699735E+03   .150033741355E+03   .146210080040E+03   .142355635261E+03   .138471546918E+03
   .134559193631E+03   .130620212984E+03   .126656523815E+03   .122670350542E+03   .118664249404E+03
   .114641136335E+03   .110604315898E+03   .106557510391E+03   .102504887754E+03   .984510863142E+02
   .944012336261E+02   .903609557846E+02   .863363724670E+02   .823340718078E+02   .783610579892E+02
   .744246633582E+02   .705324162159E+02   .666918555610E+02   .629102856287E+02   .591944669183E+02
   .555502477826E+02   .519821532120E+02   .484929672536E+02   .450833747318E+02   .417517679306E+02
   .384943726247E+02   .353058986338E+02   .321809414460E+02   .291163276325E+02   .261144334538E+02
   .231871492547E+02   .203596538297E+02   .176726025177E+02   .151810751243E+02   .129490421749E+02
   .110393419236E+02   .950085943829E+01   .835601596774E+01   .759220035195E+01   .716026979128E+01
   .698171586735E+01   .696337537316E+01   .701521042419E+01   .706481632887E+01   .706399956522E+01
   .698712622280E+01   .682461424434E+01   .657568967629E+01   .624298209986E+01   .582958804938E+01
   .533805380599E+01   .477041519949E+01   .412860165824E+01   .341481131402E+01   .263171136544E+01
   .178246368857E+01   .870634878579E+00  -.999438728779E-01  -.112531868169E+01  -.220152969452E+01
  -.332469269108E+01  -.449104609659E+01  -.569696875391E+01  -.693897492955E+01  -.821369210611E+01
  -.951782536530E+01  -.108481102767E+02  -.122012545007E+02  -.135738669876E+02  -.149623728146E+02
  -.163629115444E+02  -.177712178383E+02  -.191824854283E+02  -.205912200739E+02  -.219910944781E+02
  -.233748284178E+02  -.247341312735E+02  -.260597521130E+02  -.273417019240E+02  -.285696929862E+02
  -.297338408481E+02  -.308256300402E+02  -.318391145291E+02  -.327722934381E+02  -.336286096960E+02
  -.344184453032E+02  -.351602594335E+02  -.358801411316E+02  -.366068307978E+02  -.373574862777E+02
  -.381118849160E+02  -.387867273418E+02  -.392441857634E+02  -.393634904186E+02  -.391349287009E+02
  -.386756216504E+02  -.381417407639E+02  -.376357898778E+02  -.371876084285E+02  -.367857308718E+02
  -.364089017521E+02  -.360404072746E+02  -.356705440643E+02  -.352947736909E+02  -.349113812250E+02
  -.345198086599E+02  -.341197549222E+02  -.337108274651E+02
