 core charge-density (partial)
   .13681950E+01   .13676960E+01   .13662001E+01   .13637105E+01   .13602325E+01
   .13557734E+01   .13503429E+01   .13439524E+01   .13366153E+01   .13283473E+01
   .13191655E+01   .13090892E+01   .12981393E+01   .12863384E+01   .12737107E+01
   .12602820E+01   .12460794E+01   .12311314E+01   .12154677E+01   .11991194E+01
   .11821181E+01   .11644970E+01   .11462895E+01   .11275301E+01   .11082538E+01
   .10884962E+01   .10682931E+01   .10476808E+01   .10266957E+01   .10053741E+01
   .98375267E+00   .96186759E+00   .93975503E+00   .91745077E+00   .89499021E+00
   .87240826E+00   .84973926E+00   .82701690E+00   .80427415E+00   .78154320E+00
   .75885536E+00   .73624104E+00   .71372967E+00   .69134969E+00   .66912843E+00
   .64709213E+00   .62526592E+00   .60367371E+00   .58233824E+00   .56128104E+00
   .54052238E+00   .52008130E+00   .49997559E+00   .48022178E+00   .46083513E+00
   .44182968E+00   .42321820E+00   .40501225E+00   .38722216E+00   .36985707E+00
   .35292495E+00   .33643262E+00   .32038578E+00   .30478902E+00   .28964588E+00
   .27495886E+00   .26072949E+00   .24695832E+00   .23364498E+00   .22078822E+00
   .20838596E+00   .19643530E+00   .18493258E+00   .17387344E+00   .16325283E+00
   .15306507E+00   .14330386E+00   .13396240E+00   .12503332E+00   .11650883E+00
   .10838067E+00   .10064023E+00   .93278522E-01   .86286250E-01   .79653846E-01
   .73371505E-01   .67429216E-01   .61816797E-01   .56523934E-01   .51540202E-01
   .46855108E-01   .42458109E-01   .38338647E-01   .34486174E-01   .30890174E-01
   .27540191E-01   .24425850E-01   .21536879E-01   .18863125E-01   .16394577E-01
   .14121382E-01   .12033860E-01   .10122516E-01   .83780589E-02   .67914092E-02
   .53537108E-02   .40563408E-02   .28909177E-02   .18493086E-02   .92363545E-03
   .10628041E-03  -.61011044E-03  -.12326237E-02  -.17680763E-02  -.22230146E-02
  -.26037134E-02  -.29161762E-02  -.31661368E-02  -.33590603E-02  -.35001462E-02
  -.35943310E-02  -.36462916E-02  -.36604501E-02  -.36409780E-02  -.35918012E-02
  -.35166058E-02  -.34188439E-02  -.33017396E-02  -.31682957E-02  -.30213004E-02
  -.28633344E-02  -.26967780E-02  -.25238182E-02  -.23464568E-02  -.21665171E-02
  -.19856525E-02  -.18053531E-02  -.16269545E-02  -.14516446E-02  -.12804716E-02
  -.11143516E-02  -.95407590E-03  -.80031868E-03  -.65364406E-03  -.51451335E-03
  -.38329201E-03  -.26025656E-03  -.14560117E-03  -.39444206E-04   .58165516E-04
   .14724263E-03   .22785937E-03   .30013989E-03   .36425487E-03   .42041630E-03
   .46887251E-03   .50990347E-03   .54381628E-03   .57094091E-03   .59162620E-03
   .60623608E-03   .61514601E-03   .61873968E-03   .61740593E-03   .61153588E-03
   .60152031E-03   .58774722E-03   .57059965E-03   .55045362E-03   .52767640E-03
   .50262485E-03   .47564400E-03   .44706580E-03   .41720805E-03   .38637350E-03
   .35484906E-03   .32290522E-03   .29079555E-03   .25875641E-03   .22700669E-03
   .19574775E-03   .16516340E-03   .13542004E-03   .10666685E-03   .79036088E-04
   .52643451E-04   .27588517E-04   .39552464E-05  -.18187465E-04  -.38785178E-04
  -.57797264E-04  -.75196221E-04  -.90966959E-04  -.10510606E-03  -.11762104E-03
  -.12852953E-03  -.13785858E-03  -.14564378E-03  -.15192858E-03  -.15676343E-03
  -.16020507E-03  -.16231575E-03  -.16316249E-03  -.16281641E-03  -.16135195E-03
  -.15884628E-03  -.15537859E-03  -.15102952E-03  -.14588056E-03  -.14001345E-03
  -.13350974E-03  -.12645021E-03  -.11891448E-03  -.11098056E-03  -.10272445E-03
  -.94219808E-04  -.85537643E-04  -.76746000E-04  -.67909727E-04  -.59090263E-04
  -.50345446E-04  -.41729367E-04  -.33292247E-04  -.25080349E-04  -.17135911E-04
  -.94971159E-05  -.21980781E-05   .47311376E-05   .11264479E-04   .17379846E-04
   .23059012E-04   .28287521E-04   .33054577E-04   .37352910E-04   .41178632E-04
   .44531079E-04   .47412645E-04   .49828605E-04   .51786930E-04   .53298094E-04
   .54374884E-04   .55032195E-04   .55286832E-04   .55157309E-04   .54663646E-04
   .53827166E-04   .52670302E-04   .51216402E-04   .49489534E-04   .47514310E-04
   .45315700E-04   .42918863E-04   .40348986E-04   .37631124E-04   .34790051E-04
   .31850126E-04   .28835162E-04   .25768303E-04   .22671916E-04   .19567494E-04
   .16475560E-04   .13415592E-04   .10405948E-04   .74638126E-05   .46051404E-05
   .18446197E-05  -.80436009E-06  -.33297302E-05  -.57207550E-05  -.79680369E-05
  -.10063512E-04  -.12000439E-04  -.13773381E-04  -.15378177E-04  -.16811912E-04
  -.18072880E-04  -.19160536E-04  -.20075451E-04  -.20819258E-04  -.21394593E-04
  -.21805038E-04  -.22055054E-04  -.22149917E-04  -.22095649E-04  -.21898951E-04
  -.21567128E-04  -.21108022E-04  -.20529940E-04  -.19841582E-04  -.19051971E-04
  -.18170387E-04  -.17206293E-04  -.16169276E-04  -.15068980E-04  -.13915042E-04
  -.12717039E-04  -.11484427E-04  -.10226489E-04  -.89522887E-05  -.76706186E-05
  -.63899617E-05  -.51184500E-05  -.38638299E-05  -.26334298E-05  -.14341327E-05
  -.27235171E-06   .84599016E-06   .19154768E-05   .29312118E-05   .38888277E-05
   .47844919E-05   .56149089E-05   .63773192E-05   .70694955E-05   .76897350E-05
   .82368500E-05   .87101545E-05   .91094496E-05   .94350052E-05   .96875413E-05
   .98682052E-05   .99785491E-05   .10020505E-04   .99963570E-05   .99087173E-05
   .97604944E-05   .95548661E-05   .92952495E-05   .89852710E-05   .86287366E-05
   .82296019E-05   .77919423E-05   .73199237E-05   .68177739E-05   .62897539E-05
   .57401315E-05   .51731543E-05   .45930247E-05   .40038758E-05   .34097487E-05
   .28145712E-05   .22221377E-05   .16360907E-05   .10599042E-05   .49686829E-06
  -.49924253E-07  -.57759018E-06  -.10834658E-05  -.15651156E-05  -.20203391E-05
  -.24471763E-05  -.28439110E-05  -.32090729E-05  -.35414382E-05  -.38400286E-05
  -.41041086E-05  -.43331819E-05  -.45269862E-05  -.46854867E-05  -.48088688E-05
  -.48975294E-05  -.49520671E-05  -.49732722E-05  -.49621152E-05  -.49197348E-05
  -.48474253E-05  -.47466238E-05  -.46188963E-05  -.44659241E-05  -.42894897E-05
  -.40914626E-05  -.38737848E-05  -.36384571E-05  -.33875243E-05  -.31230618E-05
  -.28471617E-05  -.25619196E-05  -.22694215E-05  -.19717316E-05  -.16708804E-05
  -.13688530E-05  -.10675792E-05  -.76892250E-06  -.47467171E-06  -.18653188E-06
   .93883276E-07   .36505838E-06   .62558254E-06   .87415472E-06   .11095882E-05
   .13308143E-05   .15368851E-05   .17269757E-05   .19003854E-05   .20565379E-05
   .21949813E-05   .23153868E-05   .24175471E-05   .25013741E-05   .25668952E-05
   .26142503E-05   .26436874E-05   .26555573E-05   .26503093E-05   .26284844E-05
   .25907101E-05   .25376938E-05   .24702158E-05   .23891225E-05   .22953197E-05
   .21897645E-05   .20734587E-05   .19474411E-05   .18127798E-05   .16705653E-05
   .15219029E-05   .13679056E-05   .12096872E-05   .10483551E-05   .88500422E-06
   .72071043E-06   .55652452E-06   .39346658E-06   .23252066E-06   .74629737E-07
  -.79308789E-07  -.22844732E-06  -.37199180E-06  -.50920504E-06  -.63940961E-06
  -.76199029E-06  -.87639606E-06  -.98214167E-06  -.10788088E-05  -.11660466E-05
  -.12435721E-05  -.13111700E-05  -.13686922E-05  -.14160567E-05  -.14532461E-05
  -.14803064E-05  -.14973448E-05  -.15045271E-05  -.15020754E-05  -.14902650E-05
  -.14694216E-05  -.14399174E-05  -.14021681E-05  -.13566289E-05  -.13037909E-05
  -.12441768E-05  -.11783371E-05  -.11068459E-05  -.10302970E-05  -.94929926E-06
  -.86447308E-06  -.77644588E-06  -.68584828E-06  -.59331011E-06  -.49945662E-06
  -.40490476E-06  -.31025967E-06  -.21611128E-06  -.12303110E-06  -.31569232E-07
   .57748417E-07   .14442274E-06   .22798375E-06   .30799272E-06   .38404404E-06
   .45576684E-06   .52282633E-06   .58492498E-06   .64180332E-06   .69324058E-06
   .73905504E-06   .77910418E-06   .81328449E-06   .84153118E-06   .86381756E-06
   .88015426E-06   .89058820E-06   .89520145E-06   .89410978E-06   .88746118E-06
   .87543410E-06   .85823565E-06   .83609958E-06   .80928424E-06   .77807038E-06
   .74275888E-06   .70366841E-06   .66113309E-06   .61550004E-06   .56712696E-06
   .51637968E-06   .46362976E-06   .40925205E-06   .35362235E-06   .29711509E-06
   .24010107E-06   .18294532E-06   .12600496E-06   .69627264E-07   .14147759E-07
  -.40111547E-07  -.92843792E-07  -.14375878E-06  -.19258433E-06  -.23906756E-06
  -.28297591E-06  -.32409812E-06  -.36224500E-06  -.39725006E-06  -.42897001E-06
  -.45728507E-06  -.48209916E-06  -.50333994E-06  -.52095868E-06  -.53493001E-06
  -.54525155E-06  -.55194338E-06  -.55504739E-06  -.55462656E-06  -.55076402E-06
  -.54356216E-06  -.53314150E-06  -.51963959E-06  -.50320973E-06  -.48401975E-06
  -.46225056E-06  -.43809484E-06  -.41175555E-06  -.38344448E-06  -.35338073E-06
  -.32178926E-06  -.28889934E-06  -.25494308E-06  -.22015395E-06  -.18476531E-06
  -.14900903E-06  -.11311405E-06  -.77305110E-07  -.41801433E-07  -.68155287E-08
   .27447957E-07   .60793314E-07   .93034769E-07   .12399739E-06   .15351793E-06
   .18144553E-06   .20764243E-06   .23198447E-06   .25436154E-06   .27467801E-06
   .29285294E-06   .30882027E-06   .32252892E-06   .33394275E-06   .34304049E-06
   .34981549E-06   .35427554E-06   .35644241E-06   .35635150E-06   .35405130E-06
   .34960280E-06   .34307888E-06   .33456359E-06   .32415143E-06   .31194653E-06
   .29806180E-06   .28261809E-06   .26574327E-06   .24757131E-06   .22824130E-06
   .20789655E-06   .18668360E-06   .16475125E-06   .14224962E-06   .11932921E-06
   .96139976E-07   .72830407E-07   .49546673E-07   .26431773E-07   .36247299E-08
  -.18740176E-07  -.40534125E-07  -.61634436E-07  -.81925182E-07  -.10129776E-06
  -.11965142E-06  -.13689368E-06  -.15294077E-06  -.16771791E-06  -.18115966E-06
  -.19321005E-06  -.20382276E-06  -.21296125E-06  -.22059870E-06  -.22671807E-06
  -.23131193E-06  -.23438237E-06  -.23594076E-06  -.23600750E-06  -.23461175E-06
  -.23179103E-06  -.22759086E-06  -.22206431E-06  -.21527152E-06  -.20727921E-06
  -.19816014E-06  -.18799253E-06  -.17685950E-06  -.16484845E-06  -.15205045E-06
  -.13855963E-06  -.12447250E-06  -.10988738E-06  -.94903693E-07  -.79621403E-07
  -.64140357E-07  -.48559691E-07  -.32977235E-07  -.17488949E-07  -.21883673E-08
   .12833922E-07   .27490772E-07   .41698943E-07   .55379535E-07   .68458384E-07
   .80866426E-07   .92540020E-07   .10342123E-06   .11345807E-06   .12260472E-06
   .13082167E-06   .13807584E-06   .14434069E-06   .14959622E-06   .15382900E-06
   .15703211E-06   .15920506E-06   .16035369E-06   .16048999E-06   .15963194E-06
   .15780325E-06   .15503317E-06   .15135615E-06   .14681154E-06   .14144331E-06
   .13529963E-06   .12843256E-06   .12089759E-06   .11275333E-06   .10406100E-06
   .94884087E-07   .85287862E-07   .75338981E-07   .65105041E-07   .54654154E-07
   .44054522E-07   .33374019E-07   .22679784E-07   .12037823E-07   .15126319E-08
  -.88331734E-08  -.18939204E-07  -.28747623E-07  -.38203459E-07  -.47254879E-07
  -.55853459E-07  -.63954411E-07  -.71516793E-07  -.78503690E-07  -.84882368E-07
  -.90624396E-07  -.95705746E-07  -.10010686E-06  -.10381269E-06  -.10681271E-06
  -.10910090E-06  -.11067571E-06  -.11153996E-06  -.11170080E-06  -.11116954E-06
  -.10996154E-06  -.10809603E-06  -.10559591E-06  -.10248761E-06  -.98800764E-07
  -.94568078E-07  -.89825012E-07  -.84609535E-07  -.78961853E-07  -.72924121E-07
  -.66540155E-07  -.59855131E-07  -.52915295E-07  -.45767653E-07  -.38459679E-07
  -.31039013E-07  -.23553171E-07  -.16049254E-07  -.85736709E-08  -.11718662E-08
   .61119401E-08   .13235002E-07   .20156282E-07   .26836672E-07   .33239202E-07
   .39329224E-07   .45074589E-07   .50445798E-07   .55416137E-07   .59961796E-07
   .64061959E-07   .67698890E-07   .70857979E-07   .73527788E-07   .75700062E-07
   .77369726E-07   .78534869E-07   .79196695E-07   .79359469E-07   .79030439E-07
   .78219742E-07   .76940295E-07   .75207668E-07   .73039951E-07   .70457594E-07
   .67483252E-07   .64141602E-07   .60459169E-07   .56464125E-07   .52186096E-07
   .47655955E-07   .42905616E-07   .37967819E-07   .32875920E-07   .27663675E-07
   .22365030E-07   .17013912E-07   .11644017E-07   .62886154E-08   .98035002E-09
  -.42489487E-08  -.93684454E-08  -.14348472E-07  -.19160688E-07  -.23778234E-07
  -.28175873E-07  -.32330112E-07  -.36219324E-07  -.39823850E-07  -.43126080E-07
  -.46110537E-07  -.48763931E-07  -.51075210E-07  -.53035587E-07  -.54638563E-07
  -.55879925E-07  -.56757740E-07  -.57272329E-07  -.57426230E-07  -.57224146E-07
  -.56672886E-07  -.55781287E-07  -.54560129E-07  -.53022041E-07  -.51181392E-07
  -.49054178E-07  -.46657901E-07  -.44011436E-07  -.41134893E-07  -.38049481E-07
  -.34777357E-07  -.31341477E-07  -.27765446E-07  -.24073361E-07  -.20289659E-07
  -.16438960E-07  -.12545917E-07  -.86350647E-08  -.47306693E-08  -.85658746E-09
   .29638742E-08   .67080927E-08   .10354256E-07   .13881483E-07   .17269938E-07
   .20500935E-07   .23557035E-07   .26422131E-07   .29081528E-07   .31522012E-07
   .33731907E-07   .35701122E-07   .37421190E-07   .38885296E-07   .40088291E-07
   .41026702E-07   .41698723E-07   .42104208E-07   .42244640E-07   .42123103E-07
   .41744235E-07   .41114181E-07   .40240528E-07   .39132243E-07   .37799593E-07
   .36254067E-07   .34508283E-07   .32575899E-07   .30471515E-07   .28210563E-07
   .25809209E-07   .23284239E-07   .20652949E-07   .17933030E-07   .15142458E-07
   .12299377E-07   .94219886E-08   .65284367E-08   .36367011E-08   .76448864E-09
  -.20708706E-08  -.48525235E-08  -.75641896E-08  -.10190252E-07  -.12715843E-07
  -.15126924E-07  -.17410360E-07  -.19553985E-07  -.21546662E-07  -.23378338E-07
  -.25040091E-07  -.26524161E-07  -.27823991E-07  -.28934240E-07  -.29850805E-07
  -.30570824E-07  -.31092681E-07  -.31415990E-07  -.31541587E-07  -.31471506E-07
  -.31208947E-07  -.30758242E-07  -.30124811E-07  -.29315117E-07  -.28336607E-07
  -.27197656E-07  -.25907504E-07  -.24476182E-07  -.22914446E-07  -.21233696E-07
  -.19445902E-07  -.17563519E-07  -.15599409E-07  -.13566750E-07  -.11478958E-07
  -.93495989E-08  -.71923027E-08  -.50206814E-08  -.28482455E-08  -.68832285E-09
   .14460198E-08   .35420528E-08   .55874571E-08   .75703930E-08   .94795661E-08
   .11304289E-07   .13034536E-07   .14660999E-07   .16175132E-07   .17569192E-07
   .18836275E-07   .19970351E-07   .20966282E-07   .21819848E-07   .22527755E-07
   .23087645E-07   .23498096E-07   .23758620E-07   .23869653E-07   .23832536E-07
   .23649501E-07   .23323639E-07   .22858875E-07   .22259928E-07   .21532276E-07
   .20682107E-07   .19716277E-07   .18642256E-07   .17468077E-07   .16202275E-07
   .14853832E-07   .13432115E-07   .11946814E-07   .10407878E-07   .88254519E-08
   .72098100E-08   .55712944E-08   .39202488E-08   .22669566E-08   .62157842E-09
  -.10059081E-08  -.26057666E-08  -.41685584E-08  -.56851958E-08  -.71469932E-08
  -.85457147E-08  -.98736182E-08  -.11123496E-07  -.12288713E-07  -.13363238E-07
  -.14341672E-07  -.15219277E-07  -.15991990E-07  -.16656444E-07  -.17209978E-07
  -.17650643E-07  -.17977205E-07  -.18189145E-07  -.18286649E-07  -.18270602E-07
  -.18142572E-07  -.17904790E-07  -.17560130E-07  -.17112081E-07  -.16564719E-07
  -.15922676E-07  -.15191103E-07  -.14375631E-07  -.13482331E-07  -.12517674E-07
  -.11488483E-07  -.10401887E-07  -.92652762E-08  -.80862521E-08  -.68725780E-08
  -.56321299E-08  -.43728474E-08  -.31026842E-08  -.18295592E-08  -.56130924E-09
   .69435835E-09   .19299107E-08   .31380331E-08   .43116711E-08   .54440703E-08
   .65288132E-08   .75598547E-08   .85315540E-08   .94387041E-08   .10276558E-07
   .11040851E-07   .11727823E-07   .12334232E-07   .12857371E-07   .13295074E-07
   .13645724E-07   .13908258E-07   .14082165E-07   .14167479E-07   .14164778E-07
   .14075170E-07   .13900281E-07   .13642236E-07   .13303645E-07   .12887576E-07
   .12397533E-07   .11837429E-07   .11211558E-07   .10524561E-07   .97813978E-08
   .89873084E-08   .81477813E-08   .72685147E-08   .63553801E-08   .54143841E-08
   .44516300E-08   .34732798E-08   .24855153E-08   .14945008E-08   .50634509E-09
  -.47293461E-09  -.14374486E-08  -.23814688E-08  -.32994621E-08  -.41861213E-08
  -.50363950E-08  -.58455154E-08  -.66090238E-08  -.73227938E-08  -.79830533E-08
  -.85864022E-08  -.91298293E-08  -.96107260E-08  -.10026897E-07  -.10376569E-07
