 grid
   .353278105438E-04   .364765828105E-04   .376627102856E-04   .388874076671E-04   .401519291522E-04
   .414575697215E-04   .428056664648E-04   .441975999512E-04   .456347956421E-04   .471187253514E-04
   .486509087530E-04   .502329149365E-04   .518663640144E-04   .535529287814E-04   .552943364272E-04
   .570923703053E-04   .589488717596E-04   .608657420098E-04   .628449440985E-04   .648885049016E-04
   .669985172040E-04   .691771418426E-04   .714266099194E-04   .737492250864E-04   .761473659044E-04
   .786234882792E-04   .811801279764E-04   .838199032186E-04   .865455173661E-04   .893597616862E-04
   .922655182109E-04   .952657626888E-04   .983635676325E-04   .101562105465E-03   .104864651768E-03
   .108274588638E-03   .111795408149E-03   .115430715926E-03   .119184234844E-03   .123059808833E-03
   .127061406819E-03   .131193126789E-03   .135459199986E-03   .139863995240E-03   .144412023447E-03
   .149107942186E-03   .153956560487E-03   .158962843759E-03   .164131918874E-03   .169469079417E-03
   .174979791106E-03   .180669697392E-03   .186544625235E-03   .192610591076E-03   .198873806993E-03
   .205340687067E-03   .212017853948E-03   .218912145639E-03   .226030622496E-03   .233380574462E-03
   .240969528530E-03   .248805256452E-03   .256895782699E-03   .265249392676E-03   .273874641209E-03
   .282780361308E-03   .291975673207E-03   .301469993709E-03   .311273045829E-03   .321394868748E-03
   .331845828098E-03   .342636626573E-03   .353778314896E-03   .365282303127E-03   .377160372357E-03
   .389424686766E-03   .402087806084E-03   .415162698451E-03   .428662753701E-03   .442601797068E-03
   .456994103352E-03   .471854411533E-03   .487197939863E-03   .503040401457E-03   .519398020380E-03
   .536287548263E-03   .553726281459E-03   .571732078754E-03   .590323379658E-03   .609519223288E-03
   .629339267864E-03   .649803810846E-03   .670933809712E-03   .692750903429E-03   .715277434606E-03
   .738536472381E-03   .762551836040E-03   .787348119413E-03   .812950716063E-03   .839385845286E-03
   .866680578963E-03   .894862869287E-03   .923961577387E-03   .954006502881E-03   .985028414399E-03
   .101705908109E-02   .105013130516E-02   .108427895544E-02   .111953700213E-02   .115594155253E-02
   .119352988810E-02   .123234050257E-02   .127241314140E-02   .131378884247E-02   .135650997813E-02
   .140062029854E-02   .144616497653E-02   .149319065382E-02   .154174548883E-02   .159187920594E-02
   .164364314647E-02   .169709032120E-02   .175227546473E-02   .180925509145E-02   .186808755348E-02
   .192883310041E-02   .199155394099E-02   .205631430683E-02   .212318051821E-02   .219222105197E-02
   .226350661166E-02   .233711019991E-02   .241310719324E-02   .249157541920E-02   .257259523611E-02
   .265624961535E-02   .274262422631E-02   .283180752413E-02   .292389084032E-02   .301896847624E-02
   .311713779968E-02   .321849934462E-02   .332315691413E-02   .343121768671E-02   .354279232604E-02
   .365799509430E-02   .377694396919E-02   .389976076474E-02   .402657125610E-02   .415750530828E-02
   .429269700920E-02   .443228480697E-02   .457641165169E-02   .472522514185E-02   .487887767547E-02
   .503752660617E-02   .520133440431E-02   .537046882339E-02   .554510307185E-02   .572541599040E-02
   .591159223525E-02   .610382246712E-02   .630230354657E-02   .650723873558E-02   .671883790569E-02
   .693731775293E-02   .716290201977E-02   .739582172419E-02   .763631539635E-02   .788462932276E-02
   .814101779859E-02   .840574338805E-02   .867907719326E-02   .896129913194E-02   .925269822400E-02
   .955357288758E-02   .986423124464E-02   .101849914365E-01   .105161819495E-01   .108581419519E-01
   .112112216404E-01   .115757825996E-01   .119521981717E-01   .123408538391E-01   .127421476193E-01
   .131564904721E-01   .135843067208E-01   .140260344867E-01   .144821261375E-01   .149530487510E-01
   .154392845931E-01   .159413316118E-01   .164597039470E-01   .169949324574E-01   .175475652638E-01
   .181181683104E-01   .187073259445E-01   .193156415151E-01   .199437379906E-01   .205922585965E-01
   .212618674747E-01   .219532503631E-01   .226671152982E-01   .234041933402E-01   .241652393213E-01
   .249510326191E-01   .257623779547E-01   .266001062165E-01   .274650753115E-01   .283581710436E-01
   .292803080210E-01   .302324305924E-01   .312155138146E-01   .322305644506E-01   .332786220011E-01
   .343607597686E-01   .354780859567E-01   .366317448050E-01   .378229177610E-01   .390528246900E-01
   .403227251240E-01   .416339195521E-01   .429877507520E-01   .443856051652E-01   .458289143166E-01
   .473191562810E-01   .488578571964E-01   .504465928270E-01   .520869901769E-01   .537807291563E-01
   .555295443019E-01   .573352265534E-01   .591996250870E-01   .611246492098E-01   .631122703148E-01
   .651645238996E-01   .672835116512E-01   .694714035982E-01   .717304403333E-01   .740629353074E-01
   .764712771991E-01   .789579323611E-01   .815254473456E-01   .841764515121E-01   .869136597208E-01
   .897398751118E-01   .926579919768E-01   .956709987225E-01   .987819809310E-01   .101994124520E+00
   .105310719005E+00   .108735160869E+00   .112270957040E+00   .115921728481E+00   .119691213902E+00
   .123583273585E+00   .127601893339E+00   .131751188583E+00   .136035408556E+00   .140458940676E+00
   .145026315024E+00   .149742208992E+00   .154611452068E+00   .159639030781E+00   .164830093811E+00
   .170189957261E+00   .175724110099E+00   .181438219781E+00   .187338138056E+00   .193429906954E+00
   .199719764979E+00   .206214153496E+00   .212919723327E+00   .219843341560E+00   .226992098585E+00
   .234373315355E+00   .241994550880E+00   .249863609972E+00   .257988551235E+00   .266377695319E+00
   .275039633439E+00   .283983236179E+00   .293217662568E+00   .302752369466E+00   .312597121246E+00
   .322761999795E+00   .333257414835E+00   .344094114590E+00   .355283196787E+00   .366836120023E+00
   .378764715502E+00   .391081199148E+00   .403798184116E+00   .416928693710E+00   .430486174720E+00
   .444484511190E+00   .458938038641E+00   .473861558747E+00   .489270354497E+00   .505180205845E+00
   .521607405869E+00   .538568777456E+00   .556081690535E+00   .574164079857E+00   .592834463369E+00
   .612111961177E+00   .632016315122E+00   .652567909002E+00   .673787789445E+00   .695697687463E+00
   .718320040705E+00   .741678016440E+00   .765795535274E+00   .790697295655E+00   .816408799161E+00
   .842956376619E+00   .870367215068E+00   .898669385601E+00   .927891872115E+00   .958064600989E+00
   .989218471734E+00   .102138538864E+01   .105459829343E+01
