 core charge-density (pseudized)
   .158850907132E-07   .169349744559E-07   .180542475326E-07   .192474960507E-07   .205196092244E-07
   .218757994079E-07   .233216234522E-07   .248630054739E-07   .265062611287E-07   .282581234892E-07
   .301257706327E-07   .321168550529E-07   .342395350151E-07   .365025079838E-07   .389150462599E-07
   .414870349726E-07   .442290125832E-07   .471522140648E-07   .502686169368E-07   .535909903417E-07
   .571329473648E-07   .609090008129E-07   .649346226787E-07   .692263075359E-07   .738016401239E-07
   .786793673994E-07   .838794753501E-07   .894232708855E-07   .953334691390E-07   .101634286542E-06
   .108351540046E-06   .115512752907E-06   .123147267460E-06   .131286365342E-06   .139963395669E-06
   .149213911678E-06   .159075816404E-06   .169589517985E-06   .180798095227E-06   .192747474115E-06
   .205486615992E-06   .219067718171E-06   .233546427810E-06   .248982069915E-06   .265437890425E-06
   .282981315349E-06   .301684227038E-06   .321623258718E-06   .342880108482E-06   .365541874040E-06
   .389701409594E-06   .415457706293E-06   .442916297843E-06   .472189692914E-06   .503397836133E-06
   .536668599544E-06   .572138306547E-06   .609952290465E-06   .650265490033E-06   .693243084236E-06
   .739061169114E-06   .787907479286E-06   .839982157176E-06   .895498573063E-06   .954684199344E-06
   .101778154256E-05   .108504913706E-05   .115676260427E-05   .123321578204E-05   .131472192859E-05
   .140161500606E-05   .149425104883E-05   .159300962235E-05   .169829537834E-05   .181053971277E-05
   .193020253346E-05   .205777414445E-05   .219377725496E-05   .233876912105E-05   .249334382893E-05
   .265813472909E-05   .283381703132E-05   .302111057124E-05   .322078275972E-05   .343365172714E-05
   .366058967549E-05   .390252645204E-05   .416045335916E-05   .443542721593E-05   .472857468816E-05
   .504109690465E-05   .537427437842E-05   .572947225328E-05   .610814589706E-05   .651184686453E-05
   .694222925437E-05   .740105648627E-05   .789020852588E-05   .841168958728E-05   .896763634441E-05
   .956032668519E-05   .101921890442E-04   .108658123520E-04   .115839566421E-04   .123495643585E-04
   .131657724114E-04   .140359250280E-04   .149635874541E-04   .159525605604E-04   .170068964137E-04
   .181309148776E-04   .193292213099E-04   .206067254291E-04   .219686614285E-04   .234206094181E-04
   .249685182840E-04   .266187300582E-04   .283780058984E-04   .302535537841E-04   .322530580431E-04
   .343847108279E-04   .366572456728E-04   .390799732669E-04   .416628195906E-04   .444163665717E-04
   .473518954273E-04   .504814328676E-04   .538178003533E-04   .573746666051E-04   .611666035821E-04
   .652091461570E-04   .695188557326E-04   .741133880594E-04   .790115655314E-04   .842334542561E-04
   .898004462130E-04   .957353468361E-04   .102062468380E-03   .108807729446E-03   .115998761083E-03
   .123665019889E-03   .131837908571E-03   .140550904475E-03   .149839696579E-03   .159742331544E-03
   .170299369380E-03   .181554049396E-03   .193552467086E-03   .206343762684E-03   .219980322147E-03
   .234517991391E-03   .250016304646E-03   .266538727861E-03   .284152918146E-03   .302931000300E-03
   .322949861560E-03   .344291465748E-03   .367043188107E-03   .391298172159E-03   .417155710061E-03
   .444721647953E-03   .474108817981E-03   .505437498701E-03   .538835905735E-03   .574440714657E-03
   .612397618202E-03   .652861920041E-03   .695999167499E-03   .741985825749E-03   .791009996188E-03
   .843272181843E-03   .898986102869E-03   .958379565380E-03   .102169538706E-02   .108919238320E-02
   .116114641712E-02   .123785151900E-02   .131962107766E-02   .140678910979E-02   .149971161181E-02
   .159876799938E-02   .170436264031E-02   .181692648675E-02   .193691881296E-02   .206482906523E-02
   .220117883122E-02   .234652393586E-02   .250145667215E-02   .266660817484E-02   .284265094610E-02
   .303030154244E-02   .323032343282E-02   .344353003832E-02   .367078796445E-02   .391302043770E-02
   .417121095843E-02   .444640718317E-02   .473972504961E-02   .505235315859E-02   .538555742793E-02
   .574068603353E-02   .611917465425E-02   .652255203717E-02   .695244590122E-02   .741058919732E-02
   .789882674413E-02   .841912225897E-02   .897356580441E-02   .956438167099E-02   .101939367177E-01
   .108647491919E-01   .115794980501E-01   .123410328028E-01   .131523839044E-01   .140167737110E-01
   .149376280269E-01   .159185882611E-01   .169635242136E-01   .180765475092E-01   .192620256957E-01
   .205245970213E-01   .218691859007E-01   .233010190786E-01   .248256424935E-01   .264489388384E-01
   .281771458098E-01   .300168750282E-01   .319751316050E-01   .340593343169E-01   .362773363404E-01
   .386374464823E-01   .411484508237E-01   .438196346781E-01   .466608047400E-01   .496823112734E-01
   .528950701615E-01   .563105846042E-01   .599409662088E-01   .637989551781E-01   .678979392487E-01
   .722519709725E-01   .768757828747E-01   .817847999463E-01   .869951488479E-01   .925236631107E-01
   .983878835213E-01   .104606052760E+00   .111197103239E+00   .118180636950E+00   .125576895976E+00
   .133406722150E+00   .141691504177E+00   .150453110317E+00   .159713804529E+00   .169496143740E+00
   .179822853659E+00   .190716680317E+00   .202200214208E+00   .214295683694E+00   .227024713996E+00
   .240408047883E+00   .254465223863E+00   .269214207487E+00   .284670971153E+00   .300849017672E+00
   .317758842779E+00   .335407331821E+00   .353797086014E+00   .372925673998E+00   .392784804976E+00
   .413359420546E+00   .434626703479E+00   .456555003242E+00   .479102680107E+00   .502216872244E+00
   .525832193516E+00   .549869373680E+00   .574233857642E+00   .598814386387E+00   .623481589187E+00
   .648086625061E+00   .672459920978E+00   .696410065316E+00   .719722927378E+00   .742161087375E+00
   .763463676005E+00   .783346738217E+00   .801504251502E+00   .817609944243E+00   .831320073323E+00
   .842277330789E+00   .850116055018E+00   .854468920152E+00   .854975265373E+00   .851291199249E+00
   .843101569433E+00   .830133819226E+00   .812173654295E+00   .789082308931E+00   .760815025548E+00
   .727440137991E+00   .689157874534E+00   .646317668655E+00   .599432387566E+00   .549187469489E+00
   .496442519212E+00   .442222478719E+00   .387695112852E+00   .334131296257E+00   .282844548501E+00
   .235106556397E+00   .192036190812E+00   .154460937507E+00   .122751901168E+00   .966509456742E-01
   .754197389551E-01   .583105713293E-01   .446553155083E-01   .338641489723E-01   .254227504169E-01
   .188882123217E-01   .138839144900E-01   .100936595806E-01
