 ae wavefunction
  -.227639975927E-06  -.241553083020E-06  -.256238531448E-06  -.271743785200E-06  -.288119039224E-06
  -.305417391637E-06  -.323695026587E-06  -.343011408299E-06  -.363429487022E-06  -.385015917681E-06
  -.407841292027E-06  -.431980385198E-06  -.457512417605E-06  -.484521333149E-06  -.513096094823E-06
  -.543330998835E-06  -.575326008437E-06  -.609187108752E-06  -.645026683949E-06  -.682963918224E-06
  -.723125222119E-06  -.765644685826E-06  -.810664561235E-06  -.858335774579E-06  -.908818471664E-06
  -.962282597814E-06  -.101890851477E-05  -.107888765696E-05  -.114242322970E-05  -.120973095201E-05
  -.128103984706E-05  -.135659308322E-05  -.143664886909E-05  -.152148140599E-05  -.161138190170E-05
  -.170665964933E-05  -.180764317575E-05  -.191468146391E-05  -.202814525399E-05  -.214842842850E-05
  -.227594948673E-05  -.241115311447E-05  -.255451185510E-05  -.270652788873E-05  -.286773492636E-05
  -.303870022660E-05  -.322002674287E-05  -.341235540958E-05  -.361636757635E-05  -.383278759983E-05
  -.406238560344E-05  -.430598041586E-05  -.456444269986E-05  -.483869828392E-05  -.512973170970E-05
  -.543859000934E-05  -.576638672758E-05  -.611430620447E-05  -.648360813551E-05  -.687563242730E-05
  -.729180436770E-05  -.773364013080E-05  -.820275263846E-05  -.870085780133E-05  -.922978116380E-05
  -.979146497909E-05  -.103879757420E-04  -.110215122090E-04  -.116944139365E-04  -.124091703718E-04
  -.131684305304E-04  -.139750132996E-04  -.148319184057E-04  -.157423380908E-04  -.167096695415E-04
  -.177375281191E-04  -.188297614430E-04  -.199904643804E-04  -.212239950010E-04  -.225349915590E-04
  -.239283905651E-04  -.254094460215E-04  -.269837498904E-04  -.286572538768E-04  -.304362926072E-04
  -.323276082937E-04  -.343383769763E-04  -.364762364443E-04  -.387493159417E-04  -.411662677688E-04
  -.437363009004E-04  -.464692167451E-04  -.493754471826E-04  -.524660950179E-04  -.557529770072E-04
  -.592486696121E-04  -.629665576550E-04  -.669208860529E-04  -.711268148224E-04  -.756004775571E-04
  -.803590435918E-04  -.854207840798E-04  -.908051422247E-04  -.965328079196E-04  -.102625797063E-03
  -.109107535840E-03  -.116002950260E-03  -.123338561283E-03  -.131142585864E-03  -.139445044266E-03
  -.148277874034E-03  -.157675051007E-03  -.167672717809E-03  -.178309320241E-03  -.189625752061E-03
  -.201665508629E-03  -.214474849945E-03  -.228102973627E-03  -.242602198405E-03  -.258028158739E-03
  -.274440011195E-03  -.291900653263E-03  -.310476955313E-03  -.330240006432E-03  -.351265374934E-03
  -.373633384344E-03  -.397429405728E-03  -.422744167254E-03  -.449674081948E-03  -.478321594601E-03
  -.508795548883E-03  -.541211575720E-03  -.575692504072E-03  -.612368795275E-03  -.651379002161E-03
  -.692870254233E-03  -.736998770214E-03  -.783930399325E-03  -.833841192722E-03  -.886918006549E-03
  -.943359138131E-03  -.100337499686E-02  -.106718881141E-02  -.113503737486E-02  -.120717182952E-02
  -.128385849317E-02  -.136537972838E-02  -.145203485685E-02  -.154414112049E-02  -.164203469122E-02
  -.174607173112E-02  -.185662950504E-02  -.197410754735E-02  -.209892888474E-02  -.223154131687E-02
  -.237241875665E-02  -.252206263177E-02  -.268100334926E-02  -.284980182450E-02  -.302905107608E-02
  -.321937788792E-02  -.342144453961E-02  -.363595060592E-02  -.386363482621E-02  -.410527704411E-02
  -.436170021744E-02  -.463377249841E-02  -.492240938313E-02  -.522857592952E-02  -.555328904201E-02
  -.589761982068E-02  -.626269597230E-02  -.664970427950E-02  -.705989312401E-02  -.749457505857E-02
  -.795512942174E-02  -.844300498806E-02  -.895972264571E-02  -.950687809174E-02  -.100861445343E-01
  -.106992753895E-01  -.113481069581E-01  -.120345610684E-01  -.127606476645E-01  -.135284673243E-01
  -.143402136813E-01  -.151981757303E-01  -.161047399864E-01  -.170623924716E-01  -.180737204949E-01
  -.191414141916E-01  -.202682677838E-01  -.214571805211E-01  -.227111572555E-01  -.240333086037E-01
  -.254268506438E-01  -.268951040903E-01  -.284414928881E-01  -.300695421604E-01  -.317828754443E-01
  -.335852111384E-01  -.354803580901E-01  -.374722102372E-01  -.395647402230E-01  -.417619918931E-01
  -.440680715826E-01  -.464871380971E-01  -.490233912878E-01  -.516810591191E-01  -.544643831232E-01
  -.573776021360E-01  -.604249342075E-01  -.636105565785E-01  -.669385836182E-01  -.704130426186E-01
  -.740378473440E-01  -.778167692409E-01  -.817534062181E-01  -.858511489161E-01  -.901131443956E-01
  -.945422571848E-01  -.991410276437E-01  -.103911627616E+00  -.108855813361E+00  -.113974875783E+00
  -.119269587988E+00  -.124740150247E+00  -.130386132443E+00  -.136206414151E+00  -.142199122499E+00
  -.148361568035E+00  -.154690178833E+00  -.161180433171E+00  -.167826791131E+00  -.174622625584E+00
  -.181560153093E+00  -.188630365378E+00  -.195822962130E+00  -.203126286096E+00  -.210527261502E+00
  -.218011337039E+00  -.225562434682E+00  -.233162905552E+00  -.240793493705E+00  -.248433308057E+00
  -.256059801489E+00  -.263648754700E+00  -.271174260698E+00  -.278608704786E+00  -.285922735197E+00
  -.293085222036E+00  -.300063207002E+00  -.306821852678E+00  -.313324406286E+00  -.319532196442E+00
  -.325404680492E+00  -.330899553158E+00  -.335972915728E+00  -.340579493099E+00  -.344672879444E+00
  -.348205795003E+00  -.351130344271E+00  -.353398274261E+00  -.354961236692E+00  -.355771058893E+00
  -.355780026498E+00  -.354941178483E+00  -.353208612980E+00  -.350537801067E+00  -.346885905329E+00
  -.342212100159E+00  -.336477891180E+00  -.329647431712E+00  -.321687834653E+00  -.312569478552E+00
  -.302266306889E+00  -.290756119819E+00  -.278020857663E+00  -.264046875488E+00  -.248825207961E+00
  -.232351823470E+00  -.214627866128E+00  -.195659883790E+00  -.175460039600E+00  -.154046303832E+00
  -.131442622052E+00  -.107679054871E+00  -.827918840025E-01  -.568236791368E-01  -.298233205159E-01
  -.184597323164E-02   .270469885701E-01   .567881062803E-01   .873040050703E-01   .118515596879E+00
   .150338306883E+00   .182682313261E+00   .215452796875E+00   .248550212706E+00   .281870620849E+00
   .315306154149E+00   .348745752676E+00   .382076353569E+00   .415184746117E+00   .447960165155E+00
   .480297179596E+00   .512097397715E+00   .543267510319E+00   .573711993632E+00   .603322782157E+00
   .631972546868E+00   .659516791165E+00   .685802866227E+00   .710679504466E+00   .734002703277E+00
   .755638014234E+00   .775461066058E+00   .793357766636E+00   .809224792331E+00   .822970439701E+00
   .834515700400E+00   .843795379495E+00   .850759109048E+00
