 pseudo wavefunction
   .291401328267E-08   .310660741021E-08   .331193054558E-08   .353082397944E-08   .376418460535E-08
   .401296859474E-08   .427819531469E-08   .456095150469E-08   .486239572944E-08   .518376312600E-08
   .552637046455E-08   .589162154379E-08   .628101294285E-08   .669614015334E-08   .713870411675E-08
   .761051819386E-08   .811351559483E-08   .864975730028E-08   .922144050602E-08   .983090762574E-08
   .104806558889E-07   .111733475729E-07   .119118209112E-07   .126991017233E-07   .135384158119E-07
   .144332021812E-07   .153871271269E-07   .164040992594E-07   .174882855184E-07   .186441282465E-07
   .198763633914E-07   .211900399110E-07   .225905404609E-07   .240836034492E-07   .256753465491E-07
   .273722917656E-07   .291813921584E-07   .311100603318E-07   .331661988066E-07   .353582324001E-07
   .376951427462E-07   .401865050959E-07   .428425275519E-07   .456740928944E-07   .486928031728E-07
   .519110272435E-07   .553419514499E-07   .589996336526E-07   .628990608296E-07   .670562104837E-07
   .714881161091E-07   .762129369843E-07   .812500325772E-07   .866200418695E-07   .923449679216E-07
   .984482680290E-07   .104954949835E-06   .111891673797E-06   .119286862426E-06   .127170816744E-06
   .135575840437E-06   .144536372221E-06   .154089126946E-06   .164273246033E-06   .175130457852E-06
   .186705248698E-06   .199045045072E-06   .212200408000E-06   .226225240208E-06   .241177006976E-06
   .257116971601E-06   .274110446410E-06   .292227060376E-06   .311541044413E-06   .332131535525E-06
   .354082901063E-06   .377485084413E-06   .402433973521E-06   .429031793789E-06   .457387526929E-06
   .487617357500E-06   .519845148962E-06   .554202951188E-06   .590831541524E-06   .629881001606E-06
   .671511332296E-06   .715893109266E-06   .763208181910E-06   .813650418444E-06   .867426500254E-06
   .924756768742E-06   .985876128147E-06   .105103500802E-05   .112050038933E-05   .119455689838E-05
   .127350797300E-05   .135767710584E-05   .144740916984E-05   .154307183128E-05   .164505705620E-05
   .175378271646E-05   .186969430185E-05   .199326674539E-05   .212500636934E-05   .226545295966E-05
   .241518197771E-05   .257480691811E-05   .274498182232E-05   .292640395847E-05   .311981667823E-05
   .332601246248E-05   .354583616833E-05   .378018849066E-05   .403002965244E-05   .429638333898E-05
   .458034089216E-05   .488306578181E-05   .520579837264E-05   .554986100620E-05   .591666341865E-05
   .630770851660E-05   .672459853464E-05   .716904159982E-05   .764285872985E-05   .814799129391E-05
   .868650896637E-05   .926061820619E-05   .987267129663E-05   .105251759823E-04   .112208057432E-04
   .119624107473E-04   .127530295272E-04   .135959014285E-04   .144944798800E-04   .154524465418E-04
   .164737263873E-04   .175625037821E-04   .187232396258E-04   .199606896253E-04   .212799237765E-04
   .226863471325E-04   .241857219440E-04   .257841912628E-04   .274883041044E-04   .293050422725E-04
   .312418489565E-04   .333066592171E-04   .355079324866E-04   .378546872150E-04   .403565378054E-04
   .430237339888E-04   .458672027984E-04   .488985933180E-04   .521303243834E-04   .555756354354E-04
   .592486407301E-04   .631643871285E-04   .673389157022E-04   .717893274054E-04   .765338530833E-04
   .815919281008E-04   .869842718977E-04   .927329727939E-04   .988615783914E-04   .105395191942E-03
   .112360575071E-03   .119786257283E-03   .127702652682E-03   .136142184401E-03   .145139417227E-03
   .154731198977E-03   .164956811193E-03   .175858129767E-03   .187479796156E-03   .199869399874E-03
   .213077673012E-03   .227158697560E-03   .242170126392E-03   .258173418790E-03   .275234091470E-03
   .293421986129E-03   .312811554584E-03   .333482162664E-03   .355518414075E-03   .379010495548E-03
   .404054544654E-03   .430753041771E-03   .459215227769E-03   .489557549103E-03   .521904132075E-03
   .556387288181E-03   .593148052553E-03   .632336757633E-03   .674113644380E-03   .718649513420E-03
   .766126418722E-03   .816738406546E-03   .870692302575E-03   .928208550323E-03   .989522104105E-03
   .105488338007E-02   .112455926899E-02   .119883421475E-02   .127801136268E-02   .136241378226E-02
   .145238576868E-02   .154829422848E-02   .165053015436E-02   .175951019478E-02   .187567832433E-02
   .199950762094E-02   .213150215675E-02   .227219900947E-02   .242217040155E-02   .258202597513E-02
   .275241521072E-02   .293402999840E-02   .312760737056E-02   .333393240565E-02   .355384131315E-02
   .378822470998E-02   .403803109964E-02   .430427056539E-02   .458801868954E-02   .489042071142E-02
   .521269593699E-02   .555614241356E-02   .592214188380E-02   .631216503324E-02   .672777704632E-02
   .717064348614E-02   .764253651345E-02   .814534146086E-02   .868106377808E-02   .925183636437E-02
   .985992730423E-02   .105077480221E-01   .111978618716E-01   .119329931739E-01   .127160367202E-01
   .135500677497E-01   .144383524159E-01   .153843587512E-01   .163917681354E-01   .174644872754E-01
   .186066606954E-01   .198226837362E-01   .211172160564E-01   .224951956216E-01   .239618531636E-01
   .255227270816E-01   .271836787499E-01   .289509081858E-01   .308309700202E-01   .328307896988E-01
   .349576798280E-01   .372193565604E-01   .396239558955E-01   .421800497506E-01   .448966616271E-01
   .477832816749E-01   .508498809210E-01   .541069243959E-01   .575653828518E-01   .612367427231E-01
   .651330139336E-01   .692667351008E-01   .736509756357E-01   .782993341711E-01   .832259326911E-01
   .884454056628E-01   .939728833996E-01   .998239688107E-01   .106014706613E+00   .112561544003E+00
   .119481281715E+00   .126791014304E+00   .134508058440E+00   .142649867935E+00   .151233934173E+00
   .160277670588E+00   .169798279848E+00   .179812602404E+00   .190336945154E+00   .201386889071E+00
   .212977074828E+00   .225120965693E+00   .237830587274E+00   .251116244142E+00   .264986213837E+00
   .279446419435E+00   .294500082568E+00   .310147359718E+00   .326384965564E+00   .343205788327E+00
   .360598503251E+00   .378547191656E+00   .397030974266E+00   .416023668739E+00   .435493482341E+00
   .455402751380E+00   .475707739190E+00   .496358503829E+00   .517298844985E+00   .538466336475E+00
   .559792445834E+00   .581202735295E+00   .602617128586E+00   .623950214870E+00   .645111544538E+00
   .666005851127E+00   .686533109442E+00   .706588312368E+00   .726060818994E+00   .744833096173E+00
   .762778647533E+00   .779758902369E+00   .795618827667E+00   .810181037401E+00   .823238213856E+00
   .834543737580E+00   .843795379495E+00   .850759109048E+00
