 Non local Part
 1 2 1.55770284366884382
 2.65859659160385764 -0.504801881867953453E-01 -0.504801881867953453E-01 0.892956271679604986E-02
 Reciprocal Space Part
   .00000000E+00   .55360975E+00   .11020032E+01   .16400357E+01   .21627048E+01
   .26652186E+01   .31430596E+01   .35920450E+01   .40083810E+01   .43887098E+01
   .47301505E+01   .50303314E+01   .52874138E+01   .55001078E+01   .56676786E+01
   .57899444E+01   .58672657E+01   .59005262E+01   .58911063E+01   .58408488E+01
   .57520191E+01   .56272596E+01   .54695387E+01   .52820975E+01   .50683934E+01
   .48320418E+01   .45767578E+01   .43062991E+01   .40244089E+01   .37347632E+01
   .34409202E+01   .31462743E+01   .28540152E+01   .25670915E+01   .22881811E+01
   .20196669E+01   .17636193E+01   .15217840E+01   .12955770E+01   .10860853E+01
   .89407229E+00   .71998985E+00   .56399389E+00   .42596477E+00   .30553088E+00
   .20209532E+00   .11486458E+00   .42878783E-01  -.14957234E-01  -.59842780E-01
  -.93050595E-01  -.11589722E+00  -.12971495E+00  -.13582584E+00  -.13551809E+00
  -.13002523E+00  -.12050824E+00  -.10804072E+00  -.93597327E-01  -.78045331E-01
  -.62139262E-01  -.46518532E-01  -.31707803E-01  -.18119864E-01  -.60607310E-02
   .42633380E-02   .12737265E-01   .19327344E-01   .24070560E-01   .27063374E-01
   .28450306E-01   .28412605E-01   .27157313E-01   .24906934E-01   .21889935E-01
   .18332245E-01   .14449871E-01   .10442718E-01   .64896733E-02   .27449375E-02
  -.66440255E-03  -.36396321E-02  -.61105795E-02  -.80348118E-02  -.93959825E-02
  -.10201473E-01  -.10479476E-01  -.10275671E-01  -.96496464E-02  -.86712031E-02
  -.74166865E-02  -.59654538E-02  -.43965915E-02  -.27859668E-02  -.12036827E-02
   .28801366E-03   .16363396E-02   .27990903E-02   .37452630E-02   .44552150E-02
 Real Space Part
   .00000000E+00   .64359942E+00   .12860893E+01   .19263130E+01   .25630221E+01
   .31948350E+01   .38202017E+01   .44373750E+01   .50443910E+01   .56390587E+01
   .62189597E+01   .67814592E+01   .73237268E+01   .78427678E+01   .83354645E+01
   .87986250E+01   .92290406E+01   .96235469E+01   .99790905E+01   .10292796E+02
   .10562036E+02   .10784491E+02   .10958218E+02   .11081699E+02   .11153897E+02
   .11174283E+02   .11142876E+02   .11060254E+02   .10927558E+02   .10746490E+02
   .10519290E+02   .10248709E+02   .99379673E+01   .95907014E+01   .92109083E+01
   .88028781E+01   .83711229E+01   .79203026E+01   .74551481E+01   .69803858E+01
   .65006629E+01   .60204776E+01   .55441132E+01   .50755794E+01   .46185613E+01
   .41763765E+01   .37519415E+01   .33477477E+01   .29658468E+01   .26078460E+01
   .22749116E+01   .19677819E+01   .16867871E+01   .14318761E+01   .12026495E+01
   .99839626E+00   .81813432E+00   .66065330E+00   .52455802E+00   .40831211E+00
   .31028032E+00   .22876897E+00   .16206345E+00   .10846228E+00   .66307278E-01
   .34009364E-01   .10069850E-01  -.69027801E-02  -.18180606E-01  -.24908286E-01
  -.28099078E-01  -.28634490E-01  -.27267117E-01  -.24626205E-01  -.21225416E-01
  -.17472311E-01  -.13679034E-01  -.10073742E-01  -.68123372E-02  -.39901212E-02
  -.16530358E-02   .19178102E-03   .15663369E-02   .25131785E-02   .30879320E-02
   .33530317E-02   .33726336E-02   .32086679E-02   .29179506E-02   .25502513E-02
   .21471944E-02   .17418610E-02   .13589554E-02   .10154019E-02   .72124547E-03
   .48074009E-03   .29352474E-03   .15580136E-03   .61447592E-04   .30138377E-05
 Reciprocal Space Part
   .00000000E+00  -.26932227E+01  -.52971472E+01  -.77244363E+01  -.98916316E+01
  -.11720983E+02  -.13142152E+02  -.14093748E+02  -.14524661E+02  -.14395175E+02
  -.13677819E+02  -.12357950E+02  -.10434056E+02  -.79177661E+01  -.48335806E+01
  -.12183197E+01   .28796906E+01   .74016747E+01   .12279682E+02   .17438045E+02
   .22794994E+02   .28264383E+02   .33757491E+02   .39184855E+02   .44458102E+02
   .49491724E+02   .54204777E+02   .58522445E+02   .62377462E+02   .65711339E+02
   .68475389E+02   .70631527E+02   .72152827E+02   .73023834E+02   .73240630E+02
   .72810652E+02   .71752282E+02   .70094218E+02   .67874635E+02   .65140188E+02
   .61944855E+02   .58348663E+02   .54416332E+02   .50215862E+02   .45817101E+02
   .41290320E+02   .36704841E+02   .32127729E+02   .27622587E+02   .23248472E+02
   .19058953E+02   .15101330E+02   .11416015E+02   .80360965E+01   .49870782E+01
   .22867940E+01  -.54504994E-01  -.20339040E+01  -.36554301E+01  -.49295269E+01
  -.58724172E+01  -.65053728E+01  -.68539157E+01  -.69469702E+01  -.68159914E+01
  -.64940905E+01  -.60151778E+01  -.54131449E+01  -.47211011E+01  -.39706812E+01
  -.31914370E+01  -.24103219E+01  -.16512754E+01  -.93491359E+00  -.27832313E+00
   .30503924E+00   .80534852E+00   .12163201E+01   .15350341E+01   .17616860E+01
   .18992752E+01   .19532440E+01   .19310803E+01   .18418981E+01   .16960073E+01
   .15044873E+01   .12787746E+01   .10302757E+01   .77001425E+00   .50831954E+00
   .25456290E+00   .16945576E-01  -.19765940E+00  -.38381089E+00  -.53754978E+00
  -.65639825E+00  -.73931205E+00  -.78659086E+00  -.79975259E+00  -.78137851E+00
 Real Space Part
   .00000000E+00   .32174412E+02   .64081200E+02   .95454901E+02   .12603438E+03
   .15556504E+03   .18380101E+03   .21050740E+03   .23546257E+03   .25846040E+03
   .27931254E+03   .29785062E+03   .31392841E+03   .32742382E+03   .33824076E+03
   .34631080E+03   .35159451E+03   .35408254E+03   .35379625E+03   .35078802E+03
   .34514103E+03   .33696853E+03   .32641275E+03   .31364309E+03   .29885400E+03
   .28226227E+03   .26410388E+03   .24463049E+03   .22410561E+03   .20280043E+03
   .18098955E+03   .15894661E+03   .13693992E+03   .11522816E+03   .94056367E+02
   .73652166E+02   .54222369E+02   .35950069E+02   .18992243E+02   .34779240E+01
  -.10493014E+02  -.22850445E+02  -.33553946E+02  -.42592145E+02  -.49981475E+02
  -.55764394E+02  -.60007127E+02  -.62796996E+02  -.64239417E+02  -.64454665E+02
  -.63574472E+02  -.61738574E+02  -.59091275E+02  -.55778129E+02  -.51942809E+02
  -.47724232E+02  -.43254004E+02  -.38654223E+02  -.34035686E+02  -.29496509E+02
  -.25121167E+02  -.20979967E+02  -.17128906E+02  -.13609921E+02  -.10451462E+02
  -.76693710E+01  -.52679941E+01  -.32414933E+01  -.15752887E+01  -.24758462E+00
   .76907715E+00   .15062828E+01   .19982770E+01   .22805946E+01   .23888267E+01
   .23575419E+01   .22193827E+01   .20043426E+01   .17392288E+01   .14473034E+01
   .11480951E+01   .85736431E+00   .58720519E+00   .34626103E+00   .14003133E+00
  -.28753785E-01  -.15971487E+00  -.25438251E+00  -.31575466E+00  -.34786993E+00
  -.35541133E+00  -.34335220E+00  -.31665261E+00  -.28001124E+00  -.23767485E+00
  -.19330460E+00  -.14989599E+00  -.10974754E+00  -.74471444E-01  -.45038872E-01
