 pseudo wavefunction
   .575355356415E-04   .594064477253E-04   .613381972024E-04   .633327623533E-04   .653921857868E-04
   .675185765325E-04   .697141122004E-04   .719810412106E-04   .743216850967E-04   .767384408824E-04
   .792337835369E-04   .818102685089E-04   .844705343442E-04   .872173053874E-04   .900533945721E-04
   .929817063013E-04   .960052394220E-04   .991270902962E-04   .102350455972E-03   .105678637457E-03
   .109115043101E-03   .112663192082E-03   .116326718016E-03   .120109372672E-03   .124015029819E-03
   .128047689192E-03   .132211480586E-03   .136510668086E-03   .140949654437E-03   .145532985548E-03
   .150265355149E-03   .155151609602E-03   .160196752857E-03   .165405951581E-03   .170784540448E-03
   .176338027603E-03   .182072100302E-03   .187992630735E-03   .194105682043E-03   .200417514522E-03
   .206934592042E-03   .213663588656E-03   .220611395446E-03   .227785127571E-03   .235192131559E-03
   .242839992828E-03   .250736543454E-03   .258889870194E-03   .267308322765E-03   .276000522397E-03
   .284975370659E-03   .294242058578E-03   .303810076049E-03   .313689221556E-03   .323889612204E-03
   .334421694082E-03   .345296252956E-03   .356524425323E-03   .368117709807E-03   .380087978939E-03
   .392447491317E-03   .405208904153E-03   .418385286245E-03   .431990131351E-03   .446037372013E-03
   .460541393824E-03   .475517050162E-03   .490979677395E-03   .506945110594E-03   .523429699744E-03
   .540450326492E-03   .558024421429E-03   .576169981949E-03   .594905590672E-03   .614250434477E-03
   .634224324152E-03   .654847714681E-03   .676141726189E-03   .698128165574E-03   .720829548839E-03
   .744269124145E-03   .768470895626E-03   .793459647966E-03   .819260971781E-03   .845901289826E-03
   .873407884057E-03   .901808923562E-03   .931133493415E-03   .961411624459E-03   .992674324057E-03
   .102495360785E-02   .105828253254E-02   .109269522973E-02   .112822694092E-02   .116491405352E-02
   .120279413821E-02   .124190598731E-02   .128228965460E-02   .132398649626E-02   .136703921328E-02
   .141149189515E-02   .145739006503E-02   .150478072633E-02   .155371241090E-02   .160423522870E-02
   .165640091909E-02   .171026290385E-02   .176587634186E-02   .182329818560E-02   .188258723945E-02
   .194380421993E-02   .200701181784E-02   .207227476250E-02   .213965988796E-02   .220923620153E-02
   .228107495436E-02   .235524971443E-02   .243183644189E-02   .251091356682E-02   .259256206952E-02
   .267686556349E-02   .276391038097E-02   .285378566135E-02   .294658344250E-02   .304239875489E-02
   .314132971901E-02   .324347764574E-02   .334894714010E-02   .345784620834E-02   .357028636854E-02
   .368638276474E-02   .380625428484E-02   .393002368229E-02   .405781770175E-02   .418976720886E-02
   .432600732415E-02   .446667756139E-02   .461192197039E-02   .476188928438E-02   .491673307231E-02
   .507661189599E-02   .524168947234E-02   .541213484098E-02   .558812253715E-02   .576983277035E-02
   .595745160873E-02   .615117116944E-02   .635118981518E-02   .655771235717E-02   .677095026461E-02
   .699112188101E-02   .721845264752E-02   .745317533347E-02   .769553027439E-02   .794576561781E-02
   .820413757691E-02   .847091069247E-02   .874635810329E-02   .903076182533E-02   .932441303995E-02
   .962761239135E-02   .994067029381E-02   .102639072487E-01   .105976541719E-01   .109422527315E-01
   .112980556968E-01   .116654272983E-01   .120447435995E-01   .124363928804E-01   .128407760336E-01
   .132583069731E-01   .136894130563E-01   .141345355194E-01   .145941299272E-01   .150686666365E-01
   .155586312758E-01   .160645252384E-01   .165868661936E-01   .171261886122E-01   .176830443099E-01
   .182580030081E-01   .188516529119E-01   .194646013071E-01   .200974751761E-01   .207509218330E-01
   .214256095793E-01   .221222283799E-01   .228414905610E-01   .235841315294E-01   .243509105150E-01
   .251426113360E-01   .259600431889E-01   .268040414619E-01   .276754685752E-01   .285752148462E-01
   .295041993818E-01   .304633709985E-01   .314537091706E-01   .324762250072E-01   .335319622594E-01
   .346219983579E-01   .357474454814E-01   .369094516585E-01   .381092019006E-01   .393479193701E-01
   .406268665822E-01   .419473466418E-01   .433107045170E-01   .447183283484E-01   .461716507967E-01
   .476721504277E-01   .492213531363E-01   .508208336098E-01   .524722168313E-01   .541771796234E-01
   .559374522328E-01   .577548199563E-01   .596311248087E-01   .615682672319E-01   .635682078464E-01
   .656329692451E-01   .677646378278E-01   .699653656785E-01   .722373724825E-01   .745829474842E-01
   .770044514849E-01   .795043188773E-01   .820850597180E-01   .847492618341E-01   .874995929625E-01
   .903388029198E-01   .932697257982E-01   .962952821862E-01   .994184814074E-01   .102642423774E+00
   .105970302852E+00   .109405407722E+00   .112951125248E+00   .116610942317E+00   .120388448077E+00
   .124287336121E+00   .128311406648E+00   .132464568547E+00   .136750841429E+00   .141174357551E+00
   .145739363643E+00   .150450222608E+00   .155311415056E+00   .160327540676E+00   .165503319382E+00
   .170843592230E+00   .176353322051E+00   .182037593757E+00   .187901614291E+00   .193950712150E+00
   .200190336440E+00   .206626055381E+00   .213263554212E+00   .220108632399E+00   .227167200068E+00
   .234445273557E+00   .241948969987E+00   .249684500724E+00   .257658163593E+00   .265876333703E+00
   .274345452710E+00   .283072016330E+00   .292062559898E+00   .301323641738E+00   .310861824101E+00
   .320683651362E+00   .330795625188E+00   .341204176307E+00   .351915632491E+00   .362936182330E+00
   .374271834305E+00   .385928370642E+00   .397911295339E+00   .410225775742E+00   .422876576925E+00
   .435867988095E+00   .449203740138E+00   .462886913351E+00   .476919834292E+00   .491303960597E+00
   .506039752485E+00   .521126529587E+00   .536562311577E+00   .552343640997E+00   .568465386534E+00
   .584920524858E+00   .601699899070E+00   .618791951638E+00   .636182429658E+00   .653854060191E+00
   .671786193400E+00   .689954411226E+00   .708330099434E+00   .726879981021E+00   .745565609229E+00
   .764342818847E+00   .783161135014E+00   .801963139531E+00   .820683795679E+00   .839249733873E+00
   .857578502086E+00   .875577787069E+00   .893144614848E+00   .910164542018E+00   .926510852941E+00
   .942043782108E+00   .956609785792E+00   .970040892551E+00   .982154168203E+00   .992751337468E+00
   .100161861137E+01   .100852677652E+01   .101323160906E+01   .101547468225E+01   .101498464091E+01
   .101147901878E+01   .100466111560E+01   .994375951175E+00
