 PAW radial sets
 323 0.989218471734281124
(5E20.12)                                
 augmentation charges (non sperical)
  -.118612867153E+00  -.756362247412E-03  -.532145531503E-01  -.130926919871E-02  -.756362247412E-03
  -.210856503823E-04  -.122603249007E-03   .363423839020E-05  -.532145531503E-01  -.122603249007E-03
  -.179689875812E-01  -.555432069872E-03  -.130926919871E-02   .363423839020E-05  -.555432069872E-03
   .498671741032E-04
 uccopancies in atom
   .200000000162E+01   .000000000000E+00   .000000000000E+00   .000000000000E+00   .000000000000E+00
   .000000000000E+00   .000000000000E+00   .000000000000E+00   .000000000000E+00   .000000000000E+00
   .666666667141E+00   .000000000000E+00   .000000000000E+00   .000000000000E+00   .000000000000E+00
   .000000000000E+00
