 ae wavefunction
   .329908017899E-08   .350070879538E-08   .371353032623E-08   .393823260492E-08   .417554304096E-08
   .442623111551E-08   .469111103129E-08   .497104452448E-08   .526694384922E-08   .557977494597E-08
   .591056080576E-08   .626038504303E-08   .663039569071E-08   .702180923184E-08   .743591488320E-08
   .787407914718E-08   .833775064943E-08   .882846528060E-08   .934785166202E-08   .989763695626E-08
   .104796530450E-07   .110958430977E-07   .117482685572E-07   .124391165681E-07   .131707078780E-07
   .139455052412E-07   .147661223583E-07   .156353333861E-07   .165560830548E-07   .175314974331E-07
   .185648953814E-07   .196598007399E-07   .208199552982E-07   .220493325979E-07   .233521526224E-07
   .247328974311E-07   .261963278005E-07   .277475009372E-07   .293917893326E-07   .311349008342E-07
   .329829000119E-07   .349422309040E-07   .370197412336E-07   .392227081895E-07   .415588658745E-07
   .440364345292E-07   .466641516475E-07   .494513051048E-07   .524077684326E-07   .555440383768E-07
   .588712748880E-07   .624013437039E-07   .661468616893E-07   .701212451142E-07   .743387610605E-07
   .788145821596E-07   .835648448764E-07   .886067115712E-07   .939584365812E-07   .996394365846E-07
   .105670365522E-06   .112073194371E-06   .118871296086E-06   .126089536039E-06   .133754368318E-06
   .141893938246E-06   .150538191549E-06   .159718990577E-06   .169470238034E-06   .179828008724E-06
   .190830689788E-06   .202519130018E-06   .214936798801E-06   .228129955327E-06   .242147828705E-06
   .257042809702E-06   .272870654832E-06   .289690703594E-06   .307566109690E-06   .326564087128E-06
   .346756172139E-06   .368218501929E-06   .391032111332E-06   .415283248495E-06   .441063710808E-06
   .468471202359E-06   .497609714270E-06   .528589929370E-06   .561529652727E-06   .596554269675E-06
   .633797233063E-06   .673400581564E-06   .715515490979E-06   .760302860615E-06   .807933936922E-06
   .858590976703E-06   .912467952376E-06   .969771301889E-06   .103072072606E-05   .109555003626E-05
   .116450805559E-05   .123785957678E-05   .131588638035E-05   .139888831671E-05   .148718445608E-05
   .158111431043E-05   .168103913172E-05   .178734329115E-05   .190043574433E-05   .202075158739E-05
   .214875370975E-05   .228493454907E-05   .242981795469E-05   .258396116581E-05   .274795691142E-05
   .292243563898E-05   .310806787948E-05   .330556675685E-05   .351569065019E-05   .373924601751E-05
   .397709039049E-05   .423013554987E-05   .449935089198E-05   .478576699710E-05   .509047941113E-05
   .541465265242E-05   .575952445644E-05   .612641027142E-05   .651670801861E-05   .693190313178E-05
   .737357389105E-05   .784339706665E-05   .834315388946E-05   .887473636521E-05   .944015395058E-05
   .100415406097E-04   .106811622710E-04   .113614247036E-04   .120848818358E-04   .128542445362E-04
   .136723898809E-04   .145423709291E-04   .154674270325E-04   .164509947032E-04   .174967190638E-04
   .186084659092E-04   .197903344043E-04   .210466704466E-04   .223820807216E-04   .238014474792E-04
   .253099440608E-04   .269130512058E-04   .286165741680E-04   .304266606703E-04   .323498197291E-04
   .343929413762E-04   .365633173085E-04   .388686624936E-04   .413171377592E-04   .439173733939E-04
   .466784937828E-04   .496101431055E-04   .527225121145E-04   .560263660175E-04   .595330734786E-04
   .632546367534E-04   .672037229692E-04   .713936965562E-04   .758386528320E-04   .805534527382E-04
   .855537587174E-04   .908560717189E-04   .964777693090E-04   .102437144857E-03   .108753447759E-03
   .115446924650E-03   .122538861549E-03   .130051626865E-03   .138008715186E-03   .146434791756E-03
   .155355737528E-03   .164798694679E-03   .174792112435E-03   .185365793069E-03   .196550937879E-03
   .208380192963E-03   .220887694586E-03   .234109113894E-03   .248081700728E-03   .262844326268E-03
   .278437524200E-03   .294903530092E-03   .312286318645E-03   .330631638438E-03   .349987043795E-03
   .370401923370E-03   .391927525004E-03   .414616976437E-03   .438525301396E-03   .463709430588E-03
   .490228207127E-03   .518142385893E-03   .547514626344E-03   .578409478292E-03   .610893360173E-03
   .645034529359E-03   .680903044093E-03   .718570716657E-03   .758111057440E-03   .799599209646E-03
   .843111874437E-03   .888727226421E-03   .936524819495E-03   .986585483195E-03   .103899120984E-02
   .109382503292E-02   .115117089748E-02   .121111352320E-02   .127373826159E-02   .133913094834E-02
   .140737775294E-02   .147856502718E-02   .155277915525E-02   .163010640797E-02   .171063280434E-02
   .179444398399E-02   .188162509437E-02   .197226069717E-02   .206643469870E-02   .216423030948E-02
   .226573003870E-02   .237101572979E-02   .248016864360E-02   .259326959640E-02   .271039916068E-02
   .283163793710E-02   .295706690745E-02   .308676787920E-02   .322082403378E-02   .335932059220E-02
   .350234561239E-02   .364999093291E-02   .380235327479E-02   .395953550720E-02   .412164806889E-02
   .428881051644E-02   .446115314045E-02   .463881855679E-02   .482196315214E-02   .501075825528E-02
   .520539093344E-02   .540606438254E-02   .561299798267E-02   .582642719909E-02   .604660358714E-02
   .627379516452E-02   .650828731395E-02   .675038417942E-02   .700041028844E-02   .725871197647E-02
   .752565817955E-02   .780164027316E-02   .808707077981E-02   .838238086423E-02   .868801655628E-02
   .900443360736E-02   .933209082854E-02   .967144170169E-02   .100229240120E-01   .103869472209E-01
   .107638772809E-01   .111540185848E-01   .115575927342E-01   .119747138083E-01   .124053598104E-01
   .128493399678E-01   .133062575600E-01   .137754679559E-01   .142560315452E-01   .147466612667E-01
   .152456644480E-01   .157508787005E-01   .162596016357E-01   .167685142012E-01   .172735974648E-01
   .177700427009E-01   .182521546525E-01   .187132478523E-01   .191455358726E-01   .195400133505E-01
   .198863305955E-01   .201726605474E-01   .203855578566E-01   .205098099183E-01   .205282799298E-01
   .204217424344E-01   .201687124905E-01   .197452704861E-01   .191248856466E-01   .182782422416E-01
   .171730730409E-01   .157740040676E-01   .140424119477E-01   .119362882257E-01   .941009223694E-02
   .641455956391E-02   .289643672970E-02  -.120182972349E-02  -.594230845433E-02  -.113915061558E-01
  -.176199584845E-01  -.247017208792E-01  -.327140327375E-01  -.417371826148E-01  -.518544026197E-01
  -.631516436073E-01  -.757171941354E-01  -.896411710603E-01  -.105014918512E+00  -.121930338317E+00
  -.140479159189E+00  -.160752140242E+00  -.182838197398E+00
 End of Dataset
