 atomic pseudo charge-density
   .40000000E+01   .39865777E+01   .39466377E+01   .38811433E+01   .37916420E+01
   .36801845E+01   .35492225E+01   .34014950E+01   .32399100E+01   .30674335E+01
   .28869885E+01   .27013712E+01   .25131849E+01   .23247937E+01   .21382919E+01
   .19554911E+01   .17779180E+01   .16068237E+01   .14431992E+01   .12877965E+01
   .11411517E+01   .10036103E+01   .87535141E+00   .75641220E+00   .64671001E+00
   .54606321E+00   .45420994E+00   .37082490E+00   .29553413E+00   .22792793E+00
   .16757210E+00   .11401744E+00   .66807913E-01   .25487409E-01  -.10394612E-01
  -.41278562E-01  -.67591071E-01  -.89742138E-01  -.10812299E+00  -.12310456E+00
  -.13503646E+00  -.14424640E+00  -.15104001E+00  -.15570097E+00  -.15849133E+00
  -.15965211E+00  -.15940402E+00  -.15794831E+00  -.15546772E+00  -.15212749E+00
  -.14807638E+00  -.14344771E+00  -.13836047E+00  -.13292033E+00  -.12722065E+00
  -.12134348E+00  -.11536052E+00  -.10933401E+00  -.10331756E+00  -.97357004E-01
  -.91491144E-01  -.85752437E-01  -.80167666E-01  -.74758549E-01  -.69542302E-01
  -.64532148E-01  -.59737801E-01  -.55165888E-01  -.50820352E-01  -.46702805E-01
  -.42812854E-01  -.39148390E-01  -.35705858E-01  -.32480486E-01  -.29466501E-01
  -.26657315E-01  -.24045694E-01  -.21623904E-01  -.19383841E-01  -.17317148E-01
  -.15415313E-01  -.13669756E-01  -.12071903E-01  -.10613252E-01  -.92854249E-02
  -.80802150E-02  -.69896243E-02  -.60058943E-02  -.51215314E-02  -.43293260E-02
  -.36223673E-02  -.29940535E-02  -.24380983E-02  -.19485349E-02  -.15197159E-02
  -.11463120E-02  -.82330764E-03  -.54599586E-03  -.30997081E-03  -.11111957E-03
   .54387194E-04   .19010535E-03   .29932800E-03   .38509665E-03   .45021268E-03
   .49724900E-03   .52856177E-03   .54630216E-03   .55242795E-03   .54871497E-03
   .53676839E-03   .51803365E-03   .49380712E-03   .46524642E-03   .43338037E-03
   .39911853E-03   .36326031E-03   .32650377E-03   .28945387E-03   .25263036E-03
   .21647525E-03   .18135985E-03   .14759141E-03   .11541928E-03   .85040816E-04
   .56606764E-04   .30226352E-04   .59719919E-05  -.16116354E-04  -.36027141E-04
  -.53773520E-04  -.69389928E-04  -.82928949E-04  -.94458459E-04  -.10405902E-03
  -.11182151E-03  -.11784499E-03  -.12223478E-03  -.12510073E-03  -.12655567E-03
  -.12671407E-03  -.12569076E-03  -.12359997E-03  -.12055430E-03  -.11666399E-03
  -.11203621E-03  -.10677448E-03  -.10097820E-03  -.94742231E-04  -.88156609E-04
  -.81306283E-04  -.74270942E-04  -.67124899E-04  -.59937023E-04  -.52770714E-04
  -.45683928E-04  -.38729233E-04  -.31953896E-04  -.25400000E-04  -.19104585E-04
  -.13099806E-04  -.74131135E-05  -.20674438E-05   .29185776E-05   .75304221E-05
   .11757438E-04   .15592625E-04   .19032404E-04   .22076388E-04   .24727147E-04
   .26989979E-04   .28872677E-04   .30385308E-04   .31539981E-04   .32350635E-04
   .32832821E-04   .33003493E-04   .32880805E-04   .32483918E-04   .31832808E-04
   .30948085E-04   .29850818E-04   .28562372E-04   .27104248E-04   .25497933E-04
   .23764761E-04   .21925781E-04   .20001631E-04   .18012428E-04   .15977661E-04
   .13916095E-04   .11845684E-04   .97834913E-05   .77456253E-05   .57471751E-05
   .38021614E-05   .19234941E-05   .12293798E-06  -.15889121E-05  -.32026485E-05
  -.47100596E-05  -.61041317E-05  -.73790420E-05  -.85301460E-05  -.95539569E-05
  -.10448119E-04  -.11211374E-04  -.11843524E-04  -.12345387E-04  -.12718747E-04
  -.12966301E-04  -.13091602E-04  -.13099000E-04  -.12993572E-04  -.12781064E-04
  -.12467816E-04  -.12060693E-04  -.11567014E-04  -.10994484E-04  -.10351114E-04
  -.96451558E-05  -.88850290E-05  -.80792508E-05  -.72363684E-05  -.63648931E-05
  -.54732369E-05  -.45696518E-05  -.36621723E-05  -.27585615E-05  -.18662606E-05
  -.99234299E-06  -.14347216E-06   .67413606E-06   .14547465E-05   .21931331E-05
   .28846026E-05   .35250133E-05   .41107897E-05   .46389311E-05   .51070171E-05
   .55132071E-05   .58562363E-05   .61354066E-05   .63505743E-05   .65021328E-05
   .65909923E-05   .66185560E-05   .65866927E-05   .64977074E-05   .63543081E-05
   .61595714E-05   .59169057E-05   .56300130E-05   .53028493E-05   .49395841E-05
   .45445596E-05   .41222492E-05   .36772171E-05   .32140765E-05   .27374510E-05
   .22519347E-05   .17620554E-05   .12722380E-05   .78677129E-06   .30977508E-06
  -.15482897E-06  -.60334483E-06  -.10323267E-05  -.14386008E-05  -.18192846E-05
  -.21718029E-05  -.24939006E-05  -.27836530E-05  -.30394730E-05  -.32601147E-05
  -.34446746E-05  -.35925898E-05  -.37036332E-05  -.37779061E-05  -.38158282E-05
  -.38181253E-05  -.37858143E-05  -.37201867E-05  -.36227899E-05  -.34954069E-05
  -.33400340E-05  -.31588583E-05  -.29542334E-05  -.27286543E-05  -.24847319E-05
  -.22251674E-05  -.19527264E-05  -.16702126E-05  -.13804427E-05  -.10862214E-05
  -.79031713E-06  -.49543860E-06  -.20421280E-06   .80835994E-07   .35730573E-06
   .62293455E-06   .87561703E-06   .11134188E-05   .13345890E-05   .15375714E-05
   .17210128E-05   .18837700E-05   .20249147E-05   .21437361E-05   .22397418E-05
   .23126566E-05   .23624198E-05   .23891799E-05   .23932885E-05   .23752919E-05
   .23359216E-05   .22760829E-05   .21968428E-05   .20994165E-05   .19851530E-05
   .18555195E-05   .17120855E-05   .15565066E-05   .13905072E-05   .12158635E-05
   .10343865E-05   .84790465E-06   .65824737E-06   .46722828E-06   .27662940E-06
   .88185931E-07  -.96428306E-07  -.27561447E-06  -.44786132E-06  -.61175681E-06
  -.76599844E-06  -.90940250E-06  -.10409120E-05  -.11596031E-05  -.12646906E-05
  -.13555318E-05  -.14316288E-05  -.14926300E-05  -.15383297E-05  -.15686666E-05
  -.15837213E-05  -.15837121E-05  -.15689899E-05  -.15400323E-05  -.14974360E-05
  -.14419091E-05  -.13742618E-05  -.12953968E-05  -.12062995E-05  -.11080263E-05
  -.10016944E-05  -.88846949E-06  -.76955446E-06  -.64617751E-06  -.51958041E-06
  -.39100686E-06  -.26169110E-06  -.13284687E-06  -.56567587E-08   .11873791E-06
   .23924662E-06   .35483853E-06   .46455060E-06   .56749495E-06   .66286537E-06
   .74994293E-06   .82810073E-06   .89680762E-06   .95563110E-06   .10042391E-05
   .10424010E-05   .10699876E-05   .10869699E-05   .10934176E-05   .10894963E-05
   .10754638E-05   .10516660E-05   .10185318E-05   .97656733E-06   .92634993E-06
   .86852113E-06   .80377954E-06   .73287323E-06   .65659178E-06   .57575821E-06
   .49122066E-06   .40384412E-06   .31450207E-06   .22406824E-06   .13340862E-06
   .43373545E-07  -.45209782E-07  -.13154447E-06  -.21487070E-06  -.29447198E-06
  -.36968088E-06  -.43988425E-06  -.50452780E-06  -.56312000E-06  -.61523545E-06
  -.66051743E-06  -.69867990E-06  -.72950871E-06  -.75286218E-06  -.76867098E-06
  -.77693736E-06  -.77773372E-06  -.77120057E-06  -.75754389E-06  -.73703197E-06
  -.70999169E-06  -.67680437E-06  -.63790116E-06  -.59375810E-06  -.54489085E-06
  -.49184910E-06  -.43521085E-06  -.37557652E-06  -.31356289E-06  -.24979711E-06
  -.18491069E-06  -.11953347E-06  -.54287909E-07   .10216647E-07   .73389332E-07
   .13466292E-06   .19349867E-06   .24939075E-06   .30187039E-06   .35050951E-06
   .39492395E-06   .43477623E-06   .46977785E-06   .49969099E-06   .52432989E-06
   .54356153E-06   .55730595E-06   .56553599E-06   .56827660E-06   .56560363E-06
   .55764217E-06   .54456455E-06   .52658783E-06   .50397094E-06   .47701156E-06
   .44604260E-06   .41142848E-06   .37356115E-06   .33285592E-06   .28974721E-06
   .24468411E-06   .19812594E-06   .15053779E-06   .10238605E-06   .54134036E-07
   .62377485E-08  -.40858297E-07  -.86724999E-07  -.13095241E-06  -.17315324E-06
  -.21296604E-06  -.25005819E-06  -.28412845E-06  -.31490922E-06  -.34216852E-06
  -.36571146E-06  -.38538147E-06  -.40106106E-06  -.41267227E-06  -.42017671E-06
  -.42357521E-06  -.42290716E-06  -.41824948E-06  -.40971522E-06  -.39745192E-06
  -.38163962E-06  -.36248861E-06  -.34023695E-06  -.31514777E-06  -.28750638E-06
  -.25761720E-06  -.22580063E-06  -.19238970E-06  -.15772682E-06  -.12216035E-06
  -.86041260E-07  -.49719795E-07  -.13542196E-07   .22152473E-07   .57035389E-07
   .90790880E-07   .12311917E-06   .15373892E-06   .18238958E-06   .20883345E-06
   .23285758E-06   .25427531E-06   .27292764E-06   .28868422E-06   .30144412E-06
   .31113631E-06   .31771980E-06   .32118358E-06   .32154617E-06   .31885504E-06
   .31318563E-06   .30464021E-06   .29334649E-06   .27945601E-06   .26314228E-06
   .24459889E-06   .22403726E-06   .20168446E-06   .17778076E-06   .15257718E-06
   .12633296E-06   .99313001E-07   .71785264E-07   .44018215E-07   .16278288E-07
  -.11172588E-07  -.38079379E-07  -.64196236E-07  -.89288663E-07  -.11313554E-06
  -.13553101E-06  -.15628613E-06  -.17523044E-06  -.19221325E-06  -.20710472E-06
  -.21979681E-06  -.23020392E-06  -.23826335E-06  -.24393555E-06  -.24720411E-06
  -.24807556E-06  -.24657898E-06  -.24276534E-06  -.23670668E-06  -.22849515E-06
  -.21824179E-06  -.20607522E-06  -.19214012E-06  -.17659568E-06  -.15961382E-06
  -.14137741E-06  -.12207837E-06  -.10191572E-06  -.81093609E-07  -.59819294E-07
  -.38301156E-07  -.16746712E-07   .46393247E-08   .25656936E-07   .46112607E-07
   .65821059E-07   .84606867E-07   .10230597E-06   .11876703E-06   .13385271E-06
   .14744070E-06   .15942470E-06   .16971515E-06   .17823984E-06   .18494433E-06
   .18979218E-06   .19276508E-06   .19386268E-06   .19310238E-06   .19051891E-06
   .18616370E-06   .18010418E-06   .17242290E-06   .16321656E-06   .15259483E-06
   .14067917E-06   .12760150E-06   .11350279E-06   .98531640E-07   .82842700E-07
   .66595175E-07   .49951237E-07   .33074453E-07   .16128219E-07  -.72577625E-09
  -.17329056E-07  -.33527803E-07  -.49174248E-07  -.64127974E-07  -.78257139E-07
  -.91439597E-07  -.10356391E-06  -.11453026E-06  -.12425121E-06  -.13265235E-06
  -.13967283E-06  -.14526574E-06  -.14939835E-06  -.15205219E-06  -.15322310E-06
  -.15292097E-06  -.15116952E-06  -.14800585E-06  -.14347989E-06  -.13765379E-06
  -.13060111E-06  -.12240601E-06  -.11316226E-06  -.10297228E-06  -.91945972E-07
  -.80199652E-07  -.67854818E-07  -.55036943E-07  -.41874230E-07  -.28496367E-07
  -.15033277E-07  -.16138861E-08   .11635077E-07   .24590251E-07   .37132763E-07
   .49149288E-07   .60533043E-07   .71184711E-07   .81013270E-07   .89936746E-07
   .97882862E-07   .10478959E-06   .11060558E-06   .11529055E-06   .11881544E-06
   .12116261E-06   .12232579E-06   .12231003E-06   .12113146E-06   .11881704E-06
   .11540410E-06   .11093987E-06   .10548093E-06   .99092491E-07   .91847710E-07
   .83826869E-07   .75116526E-07   .65808610E-07   .55999479E-07   .45788955E-07
   .35279324E-07   .24574344E-07   .13778238E-07   .29947066E-08  -.76740497E-08
  -.18128276E-07  -.28271574E-07  -.38011770E-07  -.47261731E-07  -.55940124E-07
  -.63972103E-07  -.71289941E-07  -.77833567E-07  -.83551041E-07  -.88398935E-07
  -.92342635E-07  -.95356547E-07  -.97424227E-07  -.98538416E-07  -.98700985E-07
  -.97922800E-07  -.96223506E-07  -.93631217E-07  -.90182152E-07  -.85920176E-07
  -.80896292E-07  -.75168063E-07  -.68798986E-07  -.61857809E-07  -.54417817E-07
  -.46556076E-07  -.38352659E-07  -.29889847E-07  -.21251322E-07  -.12521359E-07
  -.37840174E-08   .48776497E-08   .13382368E-07   .21651391E-07   .29609210E-07
   .37184230E-07   .44309397E-07   .50922773E-07   .56968061E-07   .62395062E-07
   .67160077E-07   .71226235E-07   .74563758E-07   .77150151E-07   .78970324E-07
   .80016644E-07   .80288910E-07   .79794261E-07   .78547019E-07   .76568461E-07
   .73886532E-07   .70535495E-07   .66555530E-07   .61992277E-07   .56896336E-07
   .51322727E-07   .45330316E-07   .38981204E-07   .32340106E-07   .25473698E-07
   .18449969E-07   .11337555E-07   .42050839E-08  -.28794736E-08  -.98494415E-08
  -.16640052E-07  -.23189038E-07  -.29437186E-07  -.35328866E-07  -.40812512E-07
  -.45841055E-07  -.50372323E-07  -.54369371E-07  -.57800775E-07  -.60640853E-07
  -.62869847E-07  -.64474033E-07  -.65445776E-07  -.65783533E-07  -.65491787E-07
  -.64580939E-07  -.63067132E-07  -.60972029E-07  -.58322543E-07  -.55150519E-07
  -.51492371E-07  -.47388682E-07  -.42883771E-07  -.38025227E-07  -.32863421E-07
  -.27450993E-07  -.21842328E-07  -.16093019E-07  -.10259328E-07  -.43976434E-08
   .14360549E-08   .71867203E-08   .12800750E-07   .18226475E-07   .23414627E-07
   .28318775E-07   .32895734E-07   .37105930E-07   .40913739E-07   .44287771E-07
   .47201122E-07   .49631572E-07   .51561743E-07   .52979202E-07   .53876527E-07
   .54251311E-07   .54106131E-07   .53448462E-07   .52290552E-07   .50649243E-07
   .48545767E-07   .46005485E-07   .43057604E-07   .39734853E-07   .36073132E-07
   .32111137E-07   .27889957E-07   .23452663E-07   .18843870E-07   .14109304E-07
   .92953505E-08   .44486096E-08  -.38454644E-09  -.51584109E-08  -.98283672E-08
  -.14351299E-07  -.18685979E-07  -.22793441E-07  -.26637321E-07  -.30184169E-07
  -.33403735E-07  -.36269219E-07  -.38757483E-07  -.40849228E-07  -.42529135E-07
  -.43785962E-07  -.44612604E-07  -.45006116E-07  -.44967688E-07  -.44502592E-07
  -.43620082E-07  -.42333262E-07  -.40658921E-07  -.38617326E-07  -.36231996E-07
  -.33529441E-07  -.30538878E-07  -.27291922E-07  -.23822258E-07  -.20165306E-07
  -.16357859E-07  -.12437720E-07  -.84433384E-08  -.44134316E-08  -.38662064E-09
   .35989364E-08   .75059000E-08   .11298093E-07   .14940832E-07   .18401234E-07
   .21648514E-07   .24654246E-07   .27392612E-07   .29840613E-07   .31978257E-07
   .33788713E-07   .35258437E-07   .36377263E-07   .37138462E-07   .37538764E-07
   .37578356E-07   .37260840E-07   .36593157E-07   .35585490E-07   .34251130E-07
   .32606315E-07   .30670044E-07   .28463867E-07   .26011653E-07   .23339341E-07
   .20474668E-07   .17446888E-07   .14286482E-07   .11024851E-07   .76940136E-08
   .43262926E-08   .95400876E-09  -.23908262E-08  -.56768089E-08  -.88734341E-08
  -.11951374E-07  -.14882742E-07  -.17641344E-07  -.20202900E-07  -.22545264E-07
  -.24648601E-07  -.26495553E-07  -.28071378E-07  -.29364057E-07  -.30364384E-07
  -.31066017E-07  -.31465510E-07  -.31562315E-07  -.31358754E-07  -.30859967E-07
  -.30073833E-07  -.29010868E-07  -.27684093E-07  -.26108889E-07  -.24302823E-07
  -.22285459E-07  -.20078151E-07  -.17703825E-07  -.15186743E-07  -.12552259E-07
  -.98265679E-08  -.70364516E-08  -.42090155E-08  -.13714314E-08   .14493211E-08
   .42267068E-08   .69348812E-08   .95489280E-08   .12045084E-07   .14400953E-07
   .16595700E-07   .18610236E-07   .20427375E-07   .22031979E-07   .23411080E-07
   .24553978E-07   .25452321E-07   .26100155E-07   .26493958E-07   .26632648E-07
   .26517566E-07   .26152438E-07   .25543316E-07   .24698497E-07   .23628420E-07
   .22345546E-07   .20864215E-07   .19200499E-07   .17372025E-07   .15397796E-07
   .13297997E-07   .11093789E-07   .88071036E-08   .64604261E-08   .40765756E-08
   .16784879E-08  -.71100283E-09  -.30693782E-08  -.53746454E-08  -.76055391E-08
  -.97417153E-08  -.11763934E-07  -.13654229E-07  -.15396065E-07  -.16974480E-07
  -.18376205E-07  -.19589781E-07  -.20605640E-07  -.21416183E-07  -.22015826E-07
  -.22401035E-07  -.22570340E-07  -.22524323E-07  -.22265595E-07  -.21798749E-07
  -.21130301E-07  -.20268601E-07  -.19223743E-07  -.18007448E-07  -.16632937E-07
  -.15114794E-07  -.13468809E-07  -.11711822E-07  -.98615529E-08  -.79364227E-08
  -.59553751E-08  -.39376911E-08  -.19028042E-08   .12988462E-09   .21411892E-08
   .41123172E-08   .60250428E-08   .78618736E-08   .96062079E-08   .11242483E-07
   .12756310E-07   .14134601E-07   .15365675E-07   .16439358E-07   .17347061E-07
   .18081847E-07   .18638478E-07   .19013451E-07   .19205011E-07   .19213151E-07
   .19039596E-07   .18687766E-07   .18162730E-07   .17471142E-07   .16621162E-07
   .15622363E-07   .14485631E-07   .13223043E-07   .11847748E-07   .10373827E-07
   .88161544E-08   .71902497E-08   .55121243E-08   .37981263E-08   .20647829E-08
   .32864295E-09  -.13938797E-08  -.30866595E-08  -.47340081E-08  -.63208176E-08
  -.78326971E-08  -.92561016E-08  -.10578451E-07  -.11788240E-07  -.12875136E-07
  -.13830065E-07  -.14645284E-07  -.15314441E-07  -.15832624E-07  -.16196389E-07
  -.16403779E-07  -.16454334E-07  -.16349071E-07  -.16090471E-07  -.15682433E-07
  -.15130227E-07  -.14440433E-07  -.13620859E-07  -.12680467E-07  -.11629267E-07
