 pseudo wavefunction
   .188259325656E-09   .200701836025E-09   .213966701744E-09   .228108274249E-09   .243184497194E-09
   .259257143867E-09   .276392070301E-09   .294659485112E-09   .314134237172E-09   .334896122293E-09
   .357030210184E-09   .380627193015E-09   .405783757020E-09   .432602978655E-09   .461194746947E-09
   .491676213752E-09   .524172273773E-09   .558816076302E-09   .595749570786E-09   .635124088452E-09
   .677100962369E-09   .721852188493E-09   .769561130406E-09   .820423270627E-09   .874647011580E-09
   .932454529506E-09   .994082684803E-09   .105978399254E-08   .112982765710E-08   .120450067525E-08
   .128410901202E-08   .136897885444E-08   .145945794800E-08   .155591702150E-08   .165875130612E-08
   .176838215480E-08   .188525876868E-08   .200986003770E-08   .214269650275E-08   .228431244760E-08
   .243528812901E-08   .259624215430E-08   .276783401601E-08   .295076679410E-08   .314579003675E-08
   .335370283154E-08   .357535707967E-08   .381166098646E-08   .406358278269E-08   .433215469178E-08
   .461847715923E-08   .492372336155E-08   .524914401326E-08   .559607249152E-08   .596593029951E-08
   .636023289086E-08   .678059587908E-08   .722874165731E-08   .770650645568E-08   .821584786499E-08
   .875885285776E-08   .933774633931E-08   .995490026410E-08   .106128433544E-07   .113142714617E-07
   .120620586123E-07   .128592687834E-07   .137091684574E-07   .146152400060E-07   .155811959585E-07
   .166109942135E-07   .177088542561E-07   .188792744464E-07   .201270504508E-07   .214572948920E-07
   .228754582969E-07   .243873514295E-07   .259991690995E-07   .277175155448E-07   .295494314911E-07
   .315024230005E-07   .335844922259E-07   .358041701992E-07   .381705517848E-07   .406933329453E-07
   .433828504679E-07   .462501243186E-07   .493069027933E-07   .525657106550E-07   .560399004512E-07
   .597437072231E-07   .636923068306E-07   .679018781323E-07   .723896692744E-07   .771740683610E-07
   .822746787944E-07   .877123995959E-07   .935095110327E-07   .996897659063E-07   .106278486872E-06
   .113302670191E-06   .120791096338E-06   .128774447922E-06   .137285435397E-06   .146358931079E-06
   .156032112024E-06   .166344612347E-06   .177338685603E-06   .189059377909E-06   .201554712490E-06
   .214875886441E-06   .229077480474E-06   .244217682537E-06   .260358526204E-06   .277566144822E-06
   .295911042451E-06   .315468382706E-06   .336318296692E-06   .358546211276E-06   .382243199059E-06
   .407506351473E-06   .434439176528E-06   .463152022837E-06   .493762531665E-06   .526396118840E-06
   .561186488509E-06   .598276180831E-06   .637817155864E-06   .679971416021E-06   .724911669647E-06
   .772822038440E-06   .823898811601E-06   .878351249803E-06   .936402442264E-06   .998290220443E-06
   .106426813207E-05   .113460647955E-05   .120959342687E-05   .128953617969E-05   .137476224337E-05
   .146562076397E-05   .156248395791E-05   .166574863599E-05   .177583782802E-05   .189320251473E-05
   .201832347399E-05   .215171324889E-05   .229391824580E-05   .244552097081E-05   .260714241377E-05
   .277944458969E-05   .296313324782E-05   .315896075937E-05   .336772919581E-05   .359029361017E-05
   .382756553466E-05   .408051670906E-05   .435018305473E-05   .463766891071E-05   .494415154892E-05
   .527088598687E-05   .561921011746E-05   .599055017661E-05   .638642657091E-05   .680846008894E-05
   .725837852142E-05   .773802371682E-05   .824935910117E-05   .879447769232E-05   .937561064095E-05
   .999513633285E-05   .106555900890E-04   .113596745027E-04   .121102704547E-04   .129104488515E-04
   .137634831326E-04   .146728625977E-04   .156423066068E-04   .166757797093E-04   .177775077628E-04
   .189519951060E-04   .202040428520E-04   .215387683771E-04   .229616260786E-04   .244784294863E-04
   .260953748122E-04   .278190660317E-04   .296565415935E-04   .316153028623E-04   .337033444036E-04
   .359291862279E-04   .383019081186E-04   .408311861731E-04   .435273316971E-04   .464013325996E-04
   .494648974426E-04   .527305023115E-04   .562114406801E-04   .599218764523E-04   .638769003772E-04
   .680925900398E-04   .725860736440E-04   .773755978153E-04   .824805996618E-04   .879217833433E-04
   .937212014151E-04   .999023412187E-04   .106490216612E-03   .113511465340E-03   .120994452360E-03
   .128969379448E-03   .137468401441E-03   .146525749442E-03   .156177861381E-03   .166463520291E-03
   .177424000698E-03   .189103223502E-03   .201547919779E-03   .214807803882E-03   .228935756279E-03
   .243988016516E-03   .260024386720E-03   .277108446041E-03   .295307776404E-03   .314694199941E-03
   .335344028437E-03   .357338325072E-03   .380763178723E-03   .405709990999E-03   .432275776138E-03
   .460563473773E-03   .490682274495E-03   .522747957989E-03   .556883243367E-03   .593218151151E-03
   .631890376108E-03   .673045669922E-03   .716838232348E-03   .763431109165E-03   .812996594826E-03
   .865716637226E-03   .921783241464E-03   .981398868826E-03   .104477682649E-02   .111214164262E-02
   .118372942048E-02   .125978816423E-02   .134057806758E-02   .142637175521E-02   .151745446512E-02
   .161412415806E-02   .171669153832E-02   .182547996737E-02   .194082524924E-02   .206307526326E-02
   .219258941639E-02   .232973788293E-02   .247490059520E-02   .262846594337E-02   .279082913687E-02
   .296239017320E-02   .314355135267E-02   .333471426917E-02   .353627619812E-02   .374862579194E-02
   .397213798232E-02   .420716797543E-02   .445404421192E-02   .471306014793E-02   .498446469549E-02
   .526845114184E-02   .556514434534E-02   .587458598281E-02   .619671759756E-02   .653136116924E-02
   .687819689722E-02   .723673785601E-02   .760630114682E-02   .798597513191E-02   .837458229890E-02
   .877063726069E-02   .917229935323E-02   .957731924895E-02   .998297895804E-02   .103860245445E-01
   .107825908400E-01   .111681173956E-01   .115372548753E-01   .118837610617E-01   .122003856210E-01
   .124787427655E-01   .127091709518E-01   .128805787801E-01   .129802763102E-01   .129937910905E-01
   .129046683256E-01   .126942547801E-01   .123414662634E-01   .118225388591E-01   .111107644916E-01
   .101762119689E-01   .898543534943E-02   .750117238625E-02   .568203694441E-02   .348221074715E-02
   .851141640091E-03  -.226674211916E-02  -.593228912367E-02  -.102118375499E-01  -.151773626963E-01
  -.209065329490E-01  -.274826407059E-01  -.349943660481E-01  -.435353202661E-01  -.532033034353E-01
  -.640991948492E-01  -.763253771158E-01  -.899835741667E-01  -.105171960694E+00  -.121981376528E+00
  -.140490455867E+00  -.160752140242E+00  -.182838197398E+00
