 local part
 98.2657514061040160
   .84157696E+01   .84210616E+01   .84276868E+01   .84387430E+01   .84542501E+01
   .84742336E+01   .84987229E+01   .85277486E+01   .85613410E+01   .85995276E+01
   .86423322E+01   .86897735E+01   .87418643E+01   .87986117E+01   .88600162E+01
   .89260725E+01   .89967686E+01   .90720854E+01   .91519966E+01   .92364669E+01
   .93254512E+01   .94188926E+01   .95167214E+01   .96188530E+01   .97251866E+01
   .98356042E+01   .99499691E+01   .10068126E+02   .10189900E+02   .10315095E+02
   .10443498E+02   .10574872E+02   .10708964E+02   .10845497E+02   .10984178E+02
   .11124691E+02   .11266702E+02   .11409858E+02   .11553785E+02   .11698096E+02
   .11842382E+02   .11986223E+02   .12129182E+02   .12270810E+02   .12410650E+02
   .12548232E+02   .12683081E+02   .12814718E+02   .12942658E+02   .13066416E+02
   .13185509E+02   .13299456E+02   .13407780E+02   .13510014E+02   .13605699E+02
   .13694388E+02   .13775652E+02   .13849074E+02   .13914259E+02   .13970835E+02
   .14018449E+02   .14056778E+02   .14085523E+02   .14104415E+02   .14113216E+02
   .14111719E+02   .14099752E+02   .14077176E+02   .14043889E+02   .13999825E+02
   .13944955E+02   .13879288E+02   .13802872E+02   .13715793E+02   .13618173E+02
   .13510175E+02   .13391996E+02   .13263872E+02   .13126073E+02   .12978903E+02
   .12822702E+02   .12657838E+02   .12484712E+02   .12303753E+02   .12115415E+02
   .11920177E+02   .11718543E+02   .11511033E+02   .11298186E+02   .11080557E+02
   .10858712E+02   .10633228E+02   .10404688E+02   .10173679E+02   .99407918E+01
   .97066146E+01   .94717325E+01   .92367246E+01   .90021609E+01   .87686001E+01
   .85365874E+01   .83066514E+01   .80793026E+01   .78550308E+01   .76343035E+01
   .74175636E+01   .72052280E+01   .69976861E+01   .67952984E+01   .65983952E+01
   .64072758E+01   .62222076E+01   .60434252E+01   .58711303E+01   .57054911E+01
   .55466426E+01   .53946862E+01   .52496902E+01   .51116906E+01   .49806911E+01
   .48566645E+01   .47395534E+01   .46292712E+01   .45257038E+01   .44287105E+01
   .43381258E+01   .42537607E+01   .41754049E+01   .41028282E+01   .40357822E+01
   .39740031E+01   .39172124E+01   .38651203E+01   .38174267E+01   .37738238E+01
   .37339979E+01   .36976315E+01   .36644056E+01   .36340010E+01   .36061008E+01
   .35803917E+01   .35565663E+01   .35343243E+01   .35133745E+01   .34934357E+01
   .34742388E+01   .34555274E+01   .34370596E+01   .34186083E+01   .33999627E+01
   .33809285E+01   .33613290E+01   .33410052E+01   .33198164E+01   .32976401E+01
   .32743723E+01   .32499276E+01   .32242387E+01   .31972561E+01   .31689481E+01
   .31393000E+01   .31083133E+01   .30760055E+01   .30424087E+01   .30075693E+01
   .29715463E+01   .29344112E+01   .28962459E+01   .28571426E+01   .28172018E+01
   .27765317E+01   .27352466E+01   .26934662E+01   .26513138E+01   .26089155E+01
   .25663991E+01   .25238927E+01   .24815236E+01   .24394173E+01   .23976966E+01
   .23564804E+01   .23158831E+01   .22760134E+01   .22369739E+01   .21988600E+01
   .21617599E+01   .21257533E+01   .20909116E+01   .20572974E+01   .20249638E+01
   .19939548E+01   .19643045E+01   .19360379E+01   .19091701E+01   .18837069E+01
   .18596450E+01   .18369720E+01   .18156670E+01   .17957010E+01   .17770368E+01
   .17596305E+01   .17434311E+01   .17283816E+01   .17144193E+01   .17014768E+01
   .16894823E+01   .16783607E+01   .16680338E+01   .16584212E+01   .16494415E+01
   .16410120E+01   .16330504E+01   .16254746E+01   .16182040E+01   .16111597E+01
   .16042653E+01   .15974473E+01   .15906355E+01   .15837638E+01   .15767703E+01
   .15695978E+01   .15621941E+01   .15545123E+01   .15465111E+01   .15381544E+01
   .15294125E+01   .15202610E+01   .15106817E+01   .15006619E+01   .14901947E+01
   .14792788E+01   .14679182E+01   .14561221E+01   .14439046E+01   .14312844E+01
   .14182846E+01   .14049321E+01   .13912574E+01   .13772942E+01   .13630791E+01
   .13486509E+01   .13340503E+01   .13193195E+01   .13045019E+01   .12896412E+01
   .12747815E+01   .12599666E+01   .12452397E+01   .12306428E+01   .12162167E+01
   .12020006E+01   .11880314E+01   .11743437E+01   .11609697E+01   .11479386E+01
   .11352766E+01   .11230067E+01   .11111486E+01   .10997186E+01   .10887293E+01
   .10781902E+01   .10681067E+01   .10584813E+01   .10493127E+01   .10405964E+01
   .10323246E+01   .10244865E+01   .10170685E+01   .10100542E+01   .10034245E+01
   .99715846E+00   .99123280E+00   .98562260E+00   .98030145E+00   .97524173E+00
   .97041488E+00   .96579171E+00   .96134265E+00   .95703806E+00   .95284844E+00
   .94874473E+00   .94469858E+00   .94068254E+00   .93667031E+00   .93263696E+00
   .92855909E+00   .92441506E+00   .92018509E+00   .91585142E+00   .91139842E+00
   .90681263E+00   .90208291E+00   .89720039E+00   .89215854E+00   .88695315E+00
   .88158229E+00   .87604630E+00   .87034770E+00   .86449110E+00   .85848313E+00
   .85233229E+00   .84604884E+00   .83964465E+00   .83313300E+00   .82652847E+00
   .81984671E+00   .81310428E+00   .80631845E+00   .79950703E+00   .79268813E+00
   .77677943E-01   .77559095E-01   .77435971E-01   .77308267E-01   .77175728E-01

................................................................................

................................................................................

   .77038154E-01   .76895403E-01   .76747386E-01   .76594073E-01   .76435492E-01
   .76271726E-01   .76102913E-01   .75929245E-01   .75750968E-01   .75568374E-01
 gradient corrections used for XC
 5
