 kinetic energy-density
   .667223264162E+01   .673711797765E+01   .680446051695E+01   .687434851945E+01   .694687595542E+01
   .702214224715E+01   .710025264340E+01   .718131851959E+01   .726545770326E+01   .735279480889E+01
   .744346157547E+01   .753759722098E+01   .763534880551E+01   .773687160651E+01   .784232950769E+01
   .795189540556E+01   .806575163262E+01   .818409040251E+01   .830711427710E+01   .843503666033E+01
   .856808232008E+01   .870648794174E+01   .885050271727E+01   .900038897044E+01   .915642282528E+01
   .931889491632E+01   .948811114834E+01   .966439350589E+01   .984808091773E+01   .100395301784E+02
   .102391169326E+02   .104472367229E+02   .106643061077E+02   .108907638526E+02   .111270721976E+02
   .113737182071E+02   .116312152061E+02   .119001043069E+02   .121809560330E+02   .124743720445E+02
   .127809869719E+02   .131014703626E+02   .134365287498E+02   .137869078483E+02   .141533948854E+02
   .145368210760E+02   .149380642484E+02   .153580516325E+02   .157977628176E+02   .162582328917E+02
   .167405557713E+02   .172458877376E+02   .177754511847E+02   .183305385986E+02   .189125167802E+02
   .195228313211E+02   .201630113570E+02   .208346746071E+02   .215395327218E+02   .222793969540E+02
   .230561841768E+02   .238719232645E+02   .247287618625E+02   .256289735654E+02   .265749655308E+02
   .275692865534E+02   .286146356255E+02   .297138710144E+02   .308700198863E+02   .320862885081E+02
   .333660730613E+02   .347129711045E+02   .361307937197E+02   .376235783832E+02   .391956026049E+02
   .408513983733E+02   .425957674600E+02   .444337976250E+02   .463708797814E+02   .484127261615E+02
   .505653895529E+02   .528352836548E+02   .552292046175E+02   .577543538336E+02   .604183620400E+02
   .632293148117E+02   .661957795124E+02   .693268337816E+02   .726320956402E+02   .761217552952E+02
   .798066087313E+02   .836980931813E+02   .878083245648E+02   .921501369964E+02   .967371244646E+02
   .101583684778E+03   .106705065895E+03   .112117414743E+03   .117837828637E+03   .123884409424E+03
   .130276320461E+03   .137033846552E+03   .144178456977E+03   .151732871716E+03   .159721131020E+03
   .168168668441E+03   .177102387447E+03   .186550741762E+03   .196543819548E+03   .207113431542E+03
   .218293203301E+03   .230118671632E+03   .242627385346E+03   .255859010429E+03   .269855439723E+03
   .284660907211E+03   .300322106967E+03   .316888316840E+03   .334411526903E+03   .352946572698E+03
   .372551273268E+03   .393286573957E+03   .415216693909E+03   .438409278191E+03   .462935554406E+03
   .488870493624E+03   .516292975418E+03   .545285956739E+03   .575936644299E+03   .608336670067E+03
   .642582269425E+03   .678774461430E+03   .717019230563E+03   .757427709234E+03   .800116360219E+03
   .845207158092E+03   .892827768584E+03   .943111724662E+03   .996198598018E+03   .105223416443E+04
   .111137056136E+04   .117376643592E+04   .123958708122E+04   .130900455875E+04   .138219780446E+04
   .145935271573E+04   .154066221641E+04   .162632629657E+04   .171655202365E+04   .181155352120E+04
   .191155191114E+04   .201677521519E+04   .212745821087E+04   .224384223707E+04   .236617494387E+04
   .249470998100E+04   .262970661903E+04   .277142929698E+04   .292014708990E+04   .307613308942E+04
   .323966369031E+04   .341101777559E+04   .359047579274E+04   .377831871320E+04   .397482686744E+04
   .418027864771E+04   .439494907065E+04   .461910819220E+04   .485301936717E+04   .509693734651E+04
   .535110620572E+04   .561575709823E+04   .589110582872E+04   .617735024215E+04   .647466742549E+04
   .678321072048E+04   .710310654759E+04   .743445104313E+04   .777730651347E+04   .813169771335E+04
   .849760795736E+04   .887497507731E+04   .926368724144E+04   .966357865505E+04   .100744251666E+05
   .104959398071E+05   .109277682965E+05   .113694845538E+05   .118205862555E+05   .122804904900E+05
   .127485295625E+05   .132239470112E+05   .137058938992E+05   .141934254546E+05   .146854981352E+05
   .151809671997E+05   .156785848725E+05   .161769991918E+05   .166747536369E+05   .171702876279E+05
   .176619379985E+05   .181479415367E+05   .186264386884E+05   .190954785183E+05   .195530250094E+05
   .199969647834E+05   .204251163067E+05   .208352406373E+05   .212250537526E+05   .215922404774E+05
   .219344700116E+05   .222494130342E+05   .225347603288E+05   .227882428528E+05   .230076531342E+05
   .231908678498E+05   .233358714016E+05   .234407802719E+05   .235038678982E+05   .235235897755E+05
   .234986084530E+05   .234278180618E+05   .233103679754E+05   .231456851799E+05   .229334949056E+05
   .226738390590E+05   .223670919806E+05   .220139730591E+05   .216155557379E+05   .211732724746E+05
   .206889152456E+05   .201646312393E+05   .196029134408E+05   .190065858947E+05   .183787835298E+05
   .177229265428E+05   .170426894747E+05   .163419652635E+05   .156248247191E+05   .148954720435E+05
   .141581971857E+05   .134173261542E+05   .126771693102E+05   .119419713654E+05   .112158605938E+05
   .105028007380E+05   .980654499989E+04   .913059236999E+04   .847814611827E+04   .785207438837E+04
   .725487344929E+04   .668863511301E+04   .615502069364E+04   .565524417361E+04   .519006672766E+04
   .475980357784E+04   .436434266402E+04   .400317320563E+04   .367542131406E+04   .337988973053E+04
   .311509948092E+04   .287933226802E+04   .267067318949E+04   .248705363715E+04   .232629412847E+04
   .218614659385E+04   .206433545994E+04   .195859678351E+04   .186671469198E+04   .178655445016E+04
   .171609157853E+04   .165343658116E+04   .159685499112E+04   .154478259599E+04   .149583585719E+04
   .144881767535E+04   .140271877451E+04   .135671507596E+04   .131016150708E+04   .126258274155E+04
   .121366139499E+04   .116322420862E+04   .111122674356E+04   .105773708455E+04   .100291901627E+04
   .947015091482E+03   .890329959869E+03   .833214272270E+03   .776049418457E+03   .719233299337E+03
   .663167278558E+03   .608244406410E+03   .554838966220E+03   .503297358442E+03   .453930336633E+03
   .407006601755E+03   .362747806752E+03   .321325033168E+03   .282856907413E+03   .247409252478E+03
   .214996590257E+03   .185585245619E+03   .159098177908E+03   .135421633456E+03   .114413857777E+03
   .959157099433E+02   .797613979036E+02   .657850515169E+02   .538188522131E+02   .436847873034E+02
   .351899916323E+02   .281331203679E+02   .223174729841E+02   .175614967879E+02   .137029357329E+02
   .105987319431E+02   .812353742881E+01   .616817860109E+01   .463832203023E+01   .345324816958E+01
   .254463542651E+01   .185531926861E+01   .133803588607E+01
