 pspotential
  -.284668580974E+02  -.284683169301E+02  -.284697298194E+02  -.284710982122E+02  -.284724235102E+02
  -.284737070698E+02  -.284749502063E+02  -.284761541924E+02  -.284773202611E+02  -.284784496066E+02
  -.284795433857E+02  -.284806027180E+02  -.284816286891E+02  -.284826223489E+02  -.284835847157E+02
  -.284845167748E+02  -.284854194805E+02  -.284862937574E+02  -.284871405012E+02  -.284879605786E+02
  -.284887548297E+02  -.284895240675E+02  -.284902690805E+02  -.284909906311E+02  -.284916894586E+02
  -.284923662782E+02  -.284930217837E+02  -.284936566461E+02  -.284942715156E+02  -.284948670220E+02
  -.284954437749E+02  -.284960023654E+02  -.284965433652E+02  -.284970673288E+02  -.284975747926E+02
  -.284980662764E+02  -.284985422834E+02  -.284990033014E+02  -.284994498023E+02  -.284998822437E+02
  -.285003010685E+02  -.285007067055E+02  -.285010995703E+02  -.285014800653E+02  -.285018485803E+02
  -.285022054928E+02  -.285025511684E+02  -.285028859612E+02  -.285032102143E+02  -.285035242597E+02
  -.285038284193E+02  -.285041230047E+02  -.285044083177E+02  -.285046846506E+02  -.285049522867E+02
  -.285052115003E+02  -.285054625570E+02  -.285057057141E+02  -.285059412208E+02  -.285061693187E+02
  -.285063902416E+02  -.285066042160E+02  -.285068114613E+02  -.285070121901E+02  -.285072066083E+02
  -.285073949154E+02  -.285075773047E+02  -.285077539632E+02  -.285079250725E+02  -.285080908082E+02
  -.285082513405E+02  -.285084068344E+02  -.285085574497E+02  -.285087033412E+02  -.285088446592E+02
  -.285089815489E+02  -.285091141512E+02  -.285092426028E+02  -.285093670362E+02  -.285094875796E+02
  -.285096043574E+02  -.285097174903E+02  -.285098270953E+02  -.285099332857E+02  -.285100361716E+02
  -.285101358596E+02  -.285102324533E+02  -.285103260530E+02  -.285104167563E+02  -.285105046579E+02
  -.285105898494E+02  -.285106724202E+02  -.285107524569E+02  -.285108300437E+02  -.285109052623E+02
  -.285109781925E+02  -.285110489115E+02  -.285111174947E+02  -.285111840153E+02  -.285112485448E+02
  -.285113111527E+02  -.285113719068E+02  -.285114308734E+02  -.285114881171E+02  -.285115437009E+02
  -.285115976866E+02  -.285116501346E+02  -.285117011040E+02  -.285117506529E+02  -.285117988383E+02
  -.285118457160E+02  -.285118913411E+02  -.285119357679E+02  -.285119790499E+02  -.285120212399E+02
  -.285120623903E+02  -.285121025528E+02  -.285121417791E+02  -.285121801201E+02  -.285122176271E+02
  -.285122543509E+02  -.285122903425E+02  -.285123256531E+02  -.285123603339E+02  -.285123944366E+02
  -.285124280136E+02  -.285124611175E+02  -.285124938019E+02  -.285125261211E+02  -.285125581306E+02
  -.285125898869E+02  -.285126214480E+02  -.285126528730E+02  -.285126842231E+02  -.285127155610E+02
  -.285127469515E+02  -.285127784618E+02  -.285128101613E+02  -.285128421220E+02  -.285128744192E+02
  -.285129071308E+02  -.285129403386E+02  -.285129741276E+02  -.285130085872E+02  -.285130438109E+02
  -.285130798969E+02  -.285131169482E+02  -.285131550734E+02  -.285131943868E+02  -.285132350088E+02
  -.285132770666E+02  -.285133206943E+02  -.285133660339E+02  -.285134132352E+02  -.285134624572E+02
  -.285135138679E+02  -.285135676456E+02  -.285136239791E+02  -.285136830688E+02  -.285137451272E+02
  -.285138103801E+02  -.285138790671E+02  -.285139514428E+02  -.285140277778E+02  -.285141083597E+02
  -.285141934943E+02  -.285142835068E+02  -.285143787430E+02  -.285144795711E+02  -.285145863826E+02
  -.285146995943E+02  -.285148196500E+02  -.285149470220E+02  -.285150822131E+02  -.285152257590E+02
  -.285153782298E+02  -.285155402330E+02  -.285157124155E+02  -.285158954666E+02  -.285160901204E+02
  -.285162971590E+02  -.285165174159E+02  -.285167517787E+02  -.285170011938E+02  -.285172666691E+02
  -.285175492789E+02  -.285178501680E+02  -.285181705563E+02  -.285185117440E+02  -.285188751165E+02
  -.285192621507E+02  -.285196744202E+02  -.285201136023E+02  -.285205814849E+02  -.285210799732E+02
  -.285216110981E+02  -.285221770239E+02  -.285227800576E+02  -.285234226581E+02  -.285241074462E+02
  -.285248372152E+02  -.285256149423E+02  -.285264438010E+02  -.285273271733E+02  -.285282686643E+02
  -.285292721163E+02  -.285303416243E+02  -.285314815531E+02  -.285326965547E+02  -.285339915870E+02
  -.285353719343E+02  -.285368432283E+02  -.285384114710E+02  -.285400830591E+02  -.285418648095E+02
  -.285437639871E+02  -.285457883340E+02  -.285479461006E+02  -.285502460786E+02  -.285526976368E+02
  -.285553107581E+02  -.285580960799E+02  -.285610649366E+02  -.285642294047E+02  -.285676023510E+02
  -.285711974839E+02  -.285750294079E+02  -.285791136815E+02  -.285834668789E+02  -.285881066552E+02
  -.285930518163E+02  -.285983223931E+02  -.286039397193E+02  -.286099265159E+02  -.286163069793E+02
  -.286231068758E+02  -.286303536416E+02  -.286380764889E+02  -.286463065191E+02  -.286550768420E+02
  -.286644227033E+02  -.286743816188E+02  -.286849935181E+02  -.286963008955E+02  -.287083489715E+02
  -.287211858626E+02  -.287348627628E+02  -.287494341353E+02  -.287649579152E+02  -.287814957256E+02
  -.287991131063E+02  -.288178797557E+02  -.288378697884E+02  -.288591620081E+02  -.288818401970E+02
  -.289059934240E+02  -.289317163713E+02  -.289591096822E+02  -.289882803316E+02  -.290193420199E+02
  -.290524155945E+02  -.290876294986E+02  -.291251202524E+02  -.291650329680E+02  -.292075219026E+02
  -.292527510523E+02  -.293008947930E+02  -.293521385709E+02  -.294066796496E+02  -.294647279184E+02
  -.295265067689E+02  -.295922540467E+02  -.296622230833E+02  -.297366838166E+02  -.298159240051E+02
  -.299002505394E+02  -.299899908538E+02  -.300854944348E+02  -.301871344177E+02  -.302953092527E+02
  -.304104444074E+02  -.305329940542E+02  -.306634426595E+02  -.308023063576E+02  -.309501339324E+02
  -.311075071620E+02  -.312750401800E+02  -.314533773784E+02  -.316431892087E+02  -.318451650241E+02
  -.320600018433E+02  -.322883876156E+02  -.325309772422E+02  -.327883593234E+02  -.330610114486E+02
  -.333492420108E+02  -.336531172581E+02  -.339723739182E+02  -.343063205135E+02  -.346537343042E+02
  -.350127645096E+02  -.353808527148E+02  -.357546711895E+02  -.361300477034E+02  -.365017781319E+02
  -.368631244736E+02  -.372047033483E+02  -.375125520335E+02  -.377657440182E+02  -.379353182676E+02
  -.379879388728E+02  -.378969924352E+02  -.376572675510E+02  -.372895576252E+02  -.368609887562E+02
  -.364580390768E+02  -.360705398248E+02  -.356893343561E+02  -.353112759338E+02  -.349371692255E+02
  -.345669009212E+02  -.341257373489E+02  -.337108274651E+02
