 ae wavefunction
   .723210491674E-03   .746578583504E-03   .770700951777E-03   .795601892046E-03   .821306479222E-03
   .847840592364E-03   .875230940233E-03   .903505087646E-03   .932691482648E-03   .962819484530E-03
   .993919392710E-03   .102602247652E-02   .105916100589E-02   .109336828301E-02   .112867867496E-02
   .116512764731E-02   .120275179882E-02   .124158889712E-02   .128167791559E-02   .132305907123E-02
   .136577386383E-02   .140986511623E-02   .145537701585E-02   .150235515746E-02   .155084658728E-02
   .160089984836E-02   .165256502735E-02   .170589380272E-02   .176093949434E-02   .181775711461E-02
   .187640342107E-02   .193693697064E-02   .199941817539E-02   .206390935997E-02   .213047482081E-02
   .219918088694E-02   .227009598271E-02   .234329069219E-02   .241883782559E-02   .249681248751E-02
   .257729214718E-02   .266035671067E-02   .274608859525E-02   .283457280576E-02   .292589701322E-02
   .302015163557E-02   .311742992074E-02   .321782803195E-02   .332144513543E-02   .342838349055E-02
   .353874854230E-02   .365264901643E-02   .377019701702E-02   .389150812670E-02   .401670150953E-02
   .414590001658E-02   .427923029422E-02   .441682289522E-02   .455881239271E-02   .470533749697E-02
   .485654117518E-02   .501257077409E-02   .517357814572E-02   .533971977604E-02   .551115691676E-02
   .568805572017E-02   .587058737709E-02   .605892825797E-02   .625326005711E-02   .645376994004E-02
   .666065069409E-02   .687410088207E-02   .709432499912E-02   .732153363272E-02   .755594362580E-02
   .779777824289E-02   .804726733939E-02   .830464753379E-02   .857016238277E-02   .884406255928E-02
   .912660603329E-02   .941805825521E-02   .971869234197E-02   .100287892654E-01   .103486380429E-01
   .106785359304E-01   .110187886169E-01   .113697104211E-01   .117316244893E-01   .121048629944E-01
   .124897673360E-01   .128866883414E-01   .132959864662E-01   .137180319953E-01   .141532052432E-01
   .146018967537E-01   .150645074973E-01   .155414490675E-01   .160331438739E-01   .165400253324E-01
   .170625380517E-01   .176011380142E-01   .181562927528E-01   .187284815203E-01   .193181954522E-01
   .199259377210E-01   .205522236809E-01   .211975810029E-01   .218625497970E-01   .225476827224E-01
   .232535450820E-01   .239807149024E-01   .247297829946E-01   .255013529962E-01   .262960413920E-01
   .271144775113E-01   .279573034995E-01   .288251742619E-01   .297187573775E-01   .306387329797E-01
   .315857936016E-01   .325606439823E-01   .335640008323E-01   .345965925527E-01   .356591589072E-01
   .367524506409E-01   .378772290432E-01   .390342654498E-01   .402243406813E-01   .414482444099E-01
   .427067744540E-01   .440007359916E-01   .453309406888E-01   .466982057375E-01   .481033527959E-01
   .495472068255E-01   .510305948176E-01   .525543444026E-01   .541192823346E-01   .557262328435E-01
   .573760158460E-01   .590694450081E-01   .608073256492E-01   .625904524789E-01   .644196071575E-01
   .662955556690E-01   .682190454976E-01   .701908025956E-01   .722115281337E-01   .742818950192E-01
   .764025441734E-01   .785740805545E-01   .807970689137E-01   .830720292724E-01   .853994321068E-01
   .877796932277E-01   .902131683422E-01   .927001472824E-01   .952408478902E-01   .978354095427E-01
   .100483886305E+00   .103186239701E+00   .105942331082E+00   .108751913586E+00   .111614623678E+00
   .114529972255E+00   .117497335304E+00   .120515944107E+00   .123584874990E+00   .126703038594E+00
   .129869168677E+00   .133081810436E+00   .136339308348E+00   .139639793532E+00   .142981170636E+00
   .146361104253E+00   .149777004875E+00   .153226014404E+00   .156704991228E+00   .160210494897E+00
   .163738770409E+00   .167285732154E+00   .170846947546E+00   .174417620387E+00   .177992574025E+00
   .181566234348E+00   .185132612703E+00   .188685288794E+00   .192217393669E+00   .195721592871E+00
   .199190069873E+00   .202614509914E+00   .205986084362E+00   .209295435754E+00   .212532663666E+00
   .215687311579E+00   .218748354949E+00   .221704190648E+00   .224542628026E+00   .227250881804E+00
   .229815567059E+00   .232222696565E+00   .234457680772E+00   .236505330719E+00   .238349864209E+00
   .239974915563E+00   .241363549317E+00   .242498278209E+00   .243361085852E+00   .243933454457E+00
   .244196398032E+00   .244130501447E+00   .243715965781E+00   .242932660377E+00   .241760182005E+00
   .240177921559E+00   .238165138679E+00   .235701044686E+00   .232764894196E+00   .229336085751E+00
   .225394271769E+00   .220919478069E+00   .215892233186E+00   .210293707615E+00   .204105863065E+00
   .197311611722E+00   .189894985412E+00   .181841314484E+00   .173137416083E+00   .163771791405E+00
   .153734831344E+00   .143019029848E+00   .131619204110E+00   .119532720583E+00   .106759725623E+00
   .933033793783E-01   .791700913290E-01   .643697556467E-01   .489159842705E-01   .328263352823E-01
   .161225338086E-01  -.116931769311E-02  -.190185432589E-01  -.373897150652E-01  -.562424965567E-01
  -.755315101746E-01  -.952062316141E-01  -.115210910670E+00  -.135484516518E+00  -.155960703517E+00
  -.176567793429E+00  -.197228772403E+00  -.217861306439E+00  -.238377786432E+00  -.258685421094E+00
  -.278686400098E+00  -.298278147634E+00  -.317353677390E+00  -.335802046575E+00  -.353508895291E+00
  -.370357053514E+00  -.386227201622E+00  -.400998577469E+00  -.414549728634E+00  -.426759310469E+00
  -.437506929404E+00  -.446674028239E+00  -.454144807390E+00  -.459807173979E+00  -.463553709570E+00
  -.465282646961E+00  -.464898846615E+00  -.462314763759E+00  -.457451397642E+00  -.450239215005E+00
  -.440619040214E+00  -.428542904958E+00  -.413974850650E+00  -.396891676910E+00  -.377283629551E+00
  -.355155021405E+00  -.330524779042E+00  -.303426907952E+00  -.273910868147E+00  -.242041851308E+00
  -.207900949827E+00  -.171585207413E+00  -.133207540559E+00  -.928965205479E-01  -.507960069887E-01
  -.706462660247E-02   .381249046254E-01   .845866118155E-01   .132122232827E+00   .180522312943E+00
   .229567399836E+00   .279029316983E+00   .328672503777E+00   .378255433412E+00   .427532158406E+00
   .476254091096E+00   .524172202057E+00   .571039898221E+00   .616616860053E+00   .660673895312E+00
   .702998092998E+00   .743396069181E+00   .781691750831E+00   .817716502043E+00   .851295258407E+00
   .882238299672E+00   .910345743397E+00   .935421491735E+00   .957287299205E+00   .975791213531E+00
   .990810701652E+00   .100225314042E+01   .101005569012E+01   .101418535258E+01   .101463927777E+01
   .101144510801E+01   .100466111560E+01   .994375951175E+00
