 19.8421228800786942 T
 Non local Part
 0 2 1.55770284366884382
 8.48191151414740752 -0.636078516188222226E-01 -0.636078516188222226E-01 0.376965742998787998E-02
 Reciprocal Space Part
   .87079657E+01   .86905268E+01   .86383852E+01   .85520639E+01   .84324261E+01
   .82806628E+01   .80982759E+01   .78870568E+01   .76490608E+01   .73865785E+01
   .71021037E+01   .67982989E+01   .64779593E+01   .61439752E+01   .57992933E+01
   .54468791E+01   .50896789E+01   .47305835E+01   .43723936E+01   .40177873E+01
   .36692907E+01   .33292513E+01   .29998152E+01   .26829081E+01   .23802200E+01
   .20931942E+01   .18230205E+01   .15706325E+01   .13367087E+01   .11216776E+01
   .92572621E+00   .74881221E+00   .59067848E+00   .45087066E+00   .32875652E+00
   .22354716E+00   .13431939E+00   .60038835E-01  -.41655140E-03  -.48233192E-01
  -.84639053E-01  -.11088174E+00  -.12820783E+00  -.13784377E+00  -.14097860E+00
  -.13874855E+00  -.13222400E+00  -.12239850E+00  -.11018019E+00  -.96385516E-01
  -.81735140E-01  -.66852083E-01  -.52261834E-01  -.38394355E-01  -.25587745E-01
  -.14093369E-01  -.40822094E-02   .43477954E-02   .11163663E-01   .16388781E-01
   .20094049E-01   .22388976E-01   .23412932E-01   .23326746E-01   .22304805E-01
   .20527794E-01   .18176188E-01   .15424571E-01   .12436845E-01   .93623490E-02
   .63329000E-02   .34607215E-02   .83723118E-03  -.14673812E-02  -.34038583E-02
  -.49429505E-02  -.60739569E-02  -.68028370E-02  -.71499932E-02  -.71478312E-02
  -.68381952E-02  -.62697733E-02  -.54955578E-02  -.45704368E-02  -.35489799E-02
  -.24834728E-02  -.14222372E-02  -.40826592E-03   .52181480E-03   .13384515E-02
   .20195476E-02   .25505425E-02   .29242131E-02   .31402290E-02   .32045017E-02
   .31283679E-02   .29276511E-02   .26216452E-02   .22320639E-02   .17819939E-02
 Real Space Part
   .10679849E+02   .10674516E+02   .10658521E+02   .10631882E+02   .10594629E+02
   .10546798E+02   .10488435E+02   .10419590E+02   .10340316E+02   .10250666E+02
   .10150691E+02   .10040442E+02   .99199643E+01   .97892993E+01   .96484877E+01
   .94975699E+01   .93365905E+01   .91656025E+01   .89846735E+01   .87938923E+01
   .85933769E+01   .83832826E+01   .81638104E+01   .79352160E+01   .76978177E+01
   .74520045E+01   .71982421E+01   .69370789E+01   .66691491E+01   .63951751E+01
   .61159665E+01   .58324186E+01   .55455066E+01   .52562794E+01   .49658496E+01
   .46753825E+01   .43860825E+01   .40991787E+01   .38159080E+01   .35374987E+01
   .32651527E+01   .30000279E+01   .27432213E+01   .24957525E+01   .22585487E+01
   .20324314E+01   .18181051E+01   .16161478E+01   .14270049E+01   .12509847E+01
   .10882570E+01   .93885502E+00   .80267855E+00   .67950082E+00   .56897697E+00
   .47065459E+00   .38398603E+00   .30834185E+00   .24302540E+00   .18728774E+00
   .14034296E+00   .10138309E+00   .69592617E-01   .44162070E-01   .24300516E-01
   .92466753E-02  -.17214853E-02  -.92788061E-02  -.14046714E-01  -.16588732E-01
  -.17407693E-01  -.16944568E-01  -.15578795E-01  -.13629958E-01  -.11360623E-01
  -.89801560E-02  -.66492956E-02  -.44852808E-02  -.25673264E-02  -.94224811E-03
   .36993817E-03   .13706046E-02   .20774200E-02   .25196886E-02   .27342003E-02
   .27616467E-02   .26436316E-02   .24202815E-02   .21284366E-02   .18003892E-02
   .14631174E-02   .11379537E-02   .84061912E-03   .58155029E-03   .36644718E-03
   .19697068E-03   .71525435E-04  -.13929925E-04  -.65094077E-04  -.88595362E-04
 Reciprocal Space Part
  -.33459269E+02  -.32885812E+02  -.31175324E+02  -.28357261E+02  -.24480084E+02
  -.19610327E+02  -.13831310E+02  -.72415472E+01   .47142272E-01   .79117577E+01
   .16220445E+02   .24834975E+02   .33613317E+02   .42412261E+02   .51090027E+02
   .59508819E+02   .67537255E+02   .75052646E+02   .81943063E+02   .88109160E+02
   .93465720E+02   .97942900E+02   .10148714E+03   .10406175E+03   .10564715E+03
   .10624077E+03   .10585660E+03   .10452449E+03   .10228909E+03   .99208571E+02
   .95353099E+02   .90803154E+02   .85647663E+02   .79982052E+02   .73906232E+02
   .67522572E+02   .60933898E+02   .54241560E+02   .47543611E+02   .40933123E+02
   .34496680E+02   .28313063E+02   .22452162E+02   .16974111E+02   .11928669E+02
   .73548473E+01   .32807727E+01  -.27621319E+00  -.33092347E+01  -.58213610E+01
  -.78249039E+01  -.93405595E+01  -.10396421E+02  -.11026891E+02  -.11271526E+02
  -.11173833E+02  -.10780072E+02  -.10138054E+02  -.92960043E+01  -.83014828E+01
  -.72003946E+01  -.60361114E+01  -.48487123E+01  -.36743572E+01  -.25447982E+01
  -.14870336E+01  -.52310141E+00   .32999049E+00   .10602053E+01   .16603003E+01
   .21275436E+01   .24633402E+01   .26727834E+01   .27641476E+01   .27483410E+01
   .26383351E+01   .24485880E+01   .21944773E+01   .18917574E+01   .15560536E+01
   .12024051E+01   .84486462E+00   .49616263E+00   .16743966E+00  -.13195032E+00
  -.39456569E+00  -.61493394E+00  -.78954326E+00  -.91677435E+00  -.99677914E+00
  -.10313144E+01  -.10235387E+01  -.97778206E+00  -.89929746E+00  -.79400304E+00
  -.66822444E+00  -.52844495E+00  -.38107084E+00  -.23221848E+00  -.87528095E-01
 Real Space Part
   .47043595E+03   .47061811E+03   .47114518E+03   .47195957E+03   .47296738E+03
   .47404142E+03   .47502541E+03   .47573899E+03   .47598368E+03   .47554935E+03
   .47422109E+03   .47178640E+03   .46804221E+03   .46280172E+03   .45590085E+03
   .44720395E+03   .43660875E+03   .42405037E+03   .40950423E+03   .39298784E+03
   .37456135E+03   .35432699E+03   .33242725E+03   .30904200E+03   .28438464E+03
   .25869730E+03   .23224536E+03   .20531141E+03   .17818879E+03   .15117498E+03
   .12456500E+03   .98644898E+02   .73685748E+02   .49938027E+02   .27626718E+02
   .69471588E+01  -.11938243E+02  -.28902388E+02  -.43854906E+02  -.56742633E+02
  -.67549163E+02  -.76293525E+02  -.83028062E+02  -.87835614E+02  -.90826098E+02
  -.92132623E+02  -.91907271E+02  -.90316654E+02  -.87537414E+02  -.83751758E+02
  -.79143172E+02  -.73892400E+02  -.68173791E+02  -.62152082E+02  -.55979677E+02
  -.49794451E+02  -.43718116E+02  -.37855127E+02  -.32292132E+02  -.27097928E+02
  -.22323878E+02  -.18004740E+02  -.14159842E+02  -.10794541E+02  -.79018948E+01
  -.54644709E+01  -.34562340E+01  -.18444414E+01  -.59149265E+00   .34331959E+00
   .10021984E+01   .14274044E+01   .16600147E+01   .17388937E+01   .16998820E+01
   .15752010E+01   .13930648E+01   .11774834E+01   .94823819E+00   .72100557E+00
   .50760296E+00   .31633056E+00   .15238184E+00   .18296902E-01  -.85564833E-01
  -.16055420E+00  -.20928196E+00  -.23520343E+00  -.24224903E+00  -.23450846E+00
  -.21597247E+00  -.19033347E+00  -.16084311E+00  -.13022316E+00  -.10062372E+00
  -.73622006E-01  -.50254001E-01  -.31070866E-01  -.16212387E-01  -.54900275E-02
