 core charge-density
   .566100405752E-04   .603274790726E-04   .642889041986E-04   .685103164325E-04   .730087642691E-04
   .778024127357E-04   .829106163764E-04   .883539969928E-04   .941545264508E-04   .100335614880E-03
   .106922204616E-03   .113940870262E-03   .121419925256E-03   .129389535376E-03   .137881839620E-03
   .146931078955E-03   .156573733420E-03   .166848668143E-03   .177797288839E-03   .189463707397E-03
   .201894918215E-03   .215140985966E-03   .229255245539E-03   .244294514933E-03   .260319321939E-03
   .277394145493E-03   .295587672651E-03   .314973072166E-03   .335628285763E-03   .357636338214E-03
   .381085667437E-03   .406070475885E-03   .432691104597E-03   .461054431344E-03   .491274294413E-03
   .523471943665E-03   .557776520581E-03   .594325569167E-03   .633265579655E-03   .674752567074E-03
   .718952686923E-03   .766042890258E-03   .816211620710E-03   .869659556058E-03   .926600397160E-03
   .987261707239E-03   .105188580466E-02   .112073071253E-02   .119407116880E-02   .127219970037E-02
   .135542776555E-02   .144408696885E-02   .153853035261E-02   .163913377046E-02   .174629734739E-02
   .186044703187E-02   .198203624583E-02   .211154763822E-02   .224949494879E-02   .239642498860E-02
   .255291974450E-02   .271959861504E-02   .289712078585E-02   .308618775280E-02   .328754600198E-02
   .350198985578E-02   .373036449505E-02   .397356916791E-02   .423256059621E-02   .450835659128E-02
   .480203989148E-02   .511476223442E-02   .544774867755E-02   .580230218169E-02   .617980847259E-02
   .658174119662E-02   .700966738736E-02   .746525326090E-02   .795027035842E-02   .846660205552E-02
   .901625045908E-02   .960134371288E-02   .102241437348E-01   .108870544090E-01   .115926302582E-01
   .123435856218E-01   .131428043661E-01   .139933501568E-01   .148984773211E-01   .158616423311E-01
   .168865159410E-01   .179769960102E-01   .191372210475E-01   .203715845116E-01   .216847499059E-01
   .230816667048E-01   .245675871519E-01   .261480839698E-01   .278290690246E-01   .296168129868E-01
   .315179660337E-01   .335395796374E-01   .356891294839E-01   .379745395704E-01   .404042075275E-01
   .429870312127E-01   .457324366235E-01   .486504071769E-01   .517515144015E-01   .550469500898E-01
   .585485599535E-01   .622688788272E-01   .662211674610E-01   .704194509412E-01   .748785587749E-01
   .796141666712E-01   .846428400460E-01   .899820792747E-01   .956503667062E-01   .101667215451E+00
   .108053219945E+00   .114830108271E+00   .122020796239E+00   .129649443177E+00   .137741509388E+00
   .146323815234E+00   .155424601742E+00   .165073592657E+00   .175302057823E+00   .186142877738E+00
   .197630609132E+00   .209801551371E+00   .222693813452E+00   .236347381338E+00   .250804185329E+00
   .266108167138E+00   .282305346272E+00   .299443885308E+00   .317574153560E+00   .336748788604E+00
   .357022755061E+00   .378453399961E+00   .401100503966E+00   .425026327615E+00   .450295651730E+00
   .476975810973E+00   .505136719518E+00   .534850887654E+00   .566193428081E+00   .599242050517E+00
   .634077043169E+00   .670781239474E+00   .709439968420E+00   .750140986642E+00   .792974390370E+00
   .838032505174E+00   .885409751349E+00   .935202482669E+00   .987508796104E+00   .104242831002E+01
   .110006190827E+01   .116051144745E+01   .122387942461E+01   .129026860260E+01   .135978159017E+01
   .143252037390E+01   .150858579919E+01   .158807699749E+01   .167109075688E+01   .175772083353E+01
   .184805720162E+01   .194218523933E+01   .204018484914E+01   .214212951079E+01   .224808526583E+01
   .235810963304E+01   .247225045485E+01   .259054467535E+01   .271301705146E+01   .283967879975E+01
   .297052618226E+01   .310553903613E+01   .324467925296E+01   .338788921520E+01   .353509019870E+01
   .368618075190E+01   .384103506433E+01   .399950133877E+01   .416140018359E+01   .432652304404E+01
   .449463069343E+01   .466545180749E+01   .483868164752E+01   .501398088047E+01   .519097456619E+01
   .536925134438E+01   .554836285615E+01   .572782343649E+01   .590711011606E+01   .608566297177E+01
   .626288586635E+01   .643814761788E+01   .661078363938E+01   .678009808823E+01   .694536656274E+01
   .710583938103E+01   .726074547323E+01   .740929691345E+01   .755069411170E+01   .768413167876E+01
   .780880496809E+01   .792391728912E+01   .802868777438E+01   .812235987040E+01   .820421040778E+01
   .827355919064E+01   .832977902881E+01   .837230611874E+01   .840065066096E+01   .841440758325E+01
   .841326722016E+01   .839702578152E+01   .836559542526E+01   .831901373419E+01   .825745238298E+01
   .818122477058E+01   .809079238605E+01   .798676967249E+01   .786992715557E+01   .774119261011E+01
   .760165005169E+01   .745253636003E+01   .729523536819E+01   .713126928576E+01   .696228736593E+01
   .679005177517E+01   .661642067944E+01   .644332862203E+01   .627276433335E+01   .610674618159E+01
   .594729554133E+01   .579640842184E+01   .565602576681E+01   .552800287068E+01   .541407839925E+01
   .531584353892E+01   .523471177953E+01   .517188984282E+01   .512835026211E+01   .510480613184E+01
   .510168858572E+01   .511912762968E+01   .515693703459E+01   .521460405617E+01   .529128475754E+01
   .538580562001E+01   .549667189770E+01   .562208280769E+01   .575995323743E+01   .590794134470E+01
   .606348131935E+01   .622382063669E+01   .638606123530E+01   .654720408632E+01   .670419655739E+01
   .685398184633E+01   .699354961718E+01   .711998685544E+01   .723052788809E+01   .732260249172E+01
   .739388103439E+01   .744231565540E+01   .746617657427E+01   .746408272963E+01   .743502607482E+01
   .737838899666E+01   .729395447390E+01   .718190874815E+01   .704283644131E+01   .687770821462E+01
   .668786122365E+01   .647497277612E+01   .624102774402E+01   .598828041327E+01   .571921157222E+01
   .543648174187E+01   .514288153425E+01   .484128019032E+01   .453457339482E+01   .422563149315E+01
   .391724924503E+01   .361209824281E+01   .331268309860E+01   .302130245731E+01   .274001582420E+01
   .247061708263E+01   .221461541805E+01   .197322413413E+01   .174735759662E+01   .153763606876E+01
   .134439807766E+01   .116771931577E+01   .100743688382E+01   .863177180939E+00   .734385201328E+00
   .620352489207E+00   .520241312105E+00   .433105012361E+00   .357908953755E+00   .293558971531E+00
   .238939332961E+00   .192952602310E+00   .154550561105E+00   .122752025089E+00   .966509456742E-01
   .754197389551E-01   .583105713293E-01   .446553155083E-01   .338641489723E-01   .254227504169E-01
   .188882123217E-01   .138839144900E-01   .100936595806E-01
